52 1000
22 183 37 248 131 226 270 34 221 249 103 290 286 288 70 67 243 101 65 139 141 193 39 145 161 170 78 191 70 37 26 144 220 115 144 51 41 167 138 14 168 241 56 154 281 127 273 224 228 39 115 69 
284 207 267 145 77 45 36 199 83 114 95 3 229 240 107 23 107 297 37 275 238 94 181 271 273 154 248 201 193 63 23 177 270 290 22 100 35 110 51 118 276 147 174 206 139 33 229 298 30 18 25 20 
164 206 43 137 60 291 91 6 107 114 235 129 104 10 229 191 120 281 62 97 180 288 55 71 73 36 69 103 106 146 175 271 52 218 108 164 262 251 222 121 65 158 250 221 168 180 165 40 213 227 189 145 
267 296 268 40 32 37 195 191 235 70 162 287 40 22 203 54 274 126 175 91 36 126 13 204 58 178 244 23 157 186 168 124 182 136 216 267 225 111 158 212 181 72 199 273 94 154 28 120 32 203 212 68 
29 277 272 139 207 269 162 64 155 82 240 37 270 156 4 247 267 214 159 200 286 110 173 81 265 201 253 297 105 165 118 186 194 90 26 101 111 188 165 18 271 157 56 241 13 112 189 32 27 100 232 13 
211 158 146 176 59 152 225 216 17 43 103 212 186 181 13 297 69 231 16 92 88 124 86 154 288 27 238 67 127 223 133 38 81 31 266 192 183 192 109 201 235 264 165 173 145 230 171 266 213 239 59 54 
115 145 208 155 224 198 223 51 121 108 90 202 139 56 147 23 0 256 276 236 220 193 161 117 123 84 83 89 75 142 143 190 39 51 98 263 1 73 67 123 181 157 77 20 265 224 95 266 180 71 254 152 
16 115 269 192 252 105 281 27 299 124 270 39 227 68 54 228 141 173 51 74 82 129 94 48 105 242 66 38 65 72 190 82 239 212 274 191 69 255 219 68 79 189 159 58 257 266 286 150 139 90 224 222 
271 70 270 76 12 88 114 78 160 57 212 99 269 186 291 38 193 210 158 24 151 18 82 160 284 68 10 123 158 234 97 129 56 67 206 69 207 72 199 67 129 111 219 150 49 210 240 242 172 99 266 23 
117 48 235 153 168 245 28 27 231 126 208 287 245 166 108 153 239 7 272 68 170 191 271 219 153 211 161 25 10 127 100 179 227 35 84 96 32 113 175 263 291 83 3 236 250 111 89 241 171 114 61 41 
5 32 261 159 244 174 236 6 54 89 238 281 176 22 129 261 187 4 224 178 140 279 115 142 143 256 83 14 70 196 107 128 229 120 39 225 295 27 283 101 168 221 82 45 296 264 6 183 268 282 62 108 
14 229 2 157 237 85 223 8 282 30 188 263 203 227 188 250 6 171 51 175 145 133 220 141 149 278 24 118 12 138 278 26 67 281 235 5 118 158 65 152 241 5 167 144 232 55 94 290 279 145 165 124 
30 137 17 180 167 41 50 180 232 80 258 299 113 194 56 284 52 121 136 45 126 56 241 110 163 35 101 142 232 18 18 15 208 35 247 75 129 49 255 61 129 214 112 295 160 169 279 264 42 167 10 221 
223 251 31 87 39 184 281 23 255 0 90 163 87 37 238 268 86 246 81 268 212 194 263 72 115 294 36 157 161 98 78 137 50 162 224 141 98 205 164 53 257 255 216 97 44 207 117 131 153 199 151 117 
93 166 189 208 160 277 117 21 76 196 158 178 58 134 19 208 92 235 262 49 190 230 198 235 137 16 118 42 215 21 159 60 187 100 20 47 78 137 120 154 85 31 84 195 165 103 104 257 38 118 59 281 
48 257 268 186 25 86 280 292 159 140 104 46 240 124 145 70 14 265 276 151 296 60 47 162 163 203 171 254 21 230 235 121 240 203 7 265 41 40 10 200 180 114 246 172 239 91 295 5 108 271 156 105 
32 255 267 247 210 190 201 283 121 136 105 61 39 164 78 80 204 88 32 136 203 278 9 194 121 4 251 230 27 159 87 59 115 106 7 77 296 208 61 117 97 166 230 136 30 61 269 235 149 1 123 104 
32 132 50 205 188 1 187 216 213 274 27 28 80 34 105 77 295 166 246 92 84 177 280 115 290 1 102 139 3 225 296 87 110 98 44 50 152 232 18 65 206 46 145 39 132 2 168 179 221 114 23 5 
43 4 172 33 5 274 225 60 252 273 199 114 71 244 164 275 176 183 40 134 281 237 225 165 240 93 97 161 208 120 166 3 124 39 37 182 65 262 242 69 287 142 183 58 138 100 34 14 283 126 200 16 
64 126 233 56 271 30 217 179 151 135 235 27 174 272 209 292 286 152 113 273 46 297 83 184 97 169 250 132 48 202 200 112 80 133 220 52 164 137 283 67 272 218 94 199 242 4 243 228 208 56 253 6 
53 37 242 202 258 244 34 6 146 234 170 279 120 90 31 36 227 14 103 200 285 249 151 227 5 94 208 213 150 161 271 256 250 213 158 209 157 193 215 56 179 138 35 299 228 66 87 156 132 190 108 169 
192 11 97 197 105 57 111 255 270 134 211 273 48 70 182 257 15 149 65 246 287 100 246 268 218 85 124 103 276 284 272 220 295 121 117 100 230 280 107 201 115 71 174 215 193 108 172 260 257 290 206 297 
90 204 265 61 290 141 216 18 177 188 238 172 62 55 24 292 36 183 193 203 254 119 118 199 227 42 159 237 32 66 286 175 270 3 288 260 144 204 278 73 144 216 245 206 24 21 199 112 204 144 15 211 
16 185 162 243 279 22 232 64 88 218 239 110 221 227 71 117 183 101 190 27 70 187 234 94 208 185 258 165 81 273 128 97 210 290 41 189 12 273 253 152 244 244 263 165 223 86 35 106 187 225 134 257 
113 120 103 73 5 61 238 86 86 118 236 296 109 29 238 173 54 243 26 298 240 41 216 163 127 251 22 66 176 156 76 41 276 179 115 33 293 105 171 79 224 107 128 33 188 118 258 243 113 36 241 53 
77 209 269 256 160 291 23 89 199 151 130 227 30 245 12 75 51 183 155 27 43 35 112 231 205 70 174 18 107 168 124 236 77 93 193 290 136 268 79 35 119 209 14 201 207 26 29 10 209 236 37 252 
271 149 236 176 219 110 246 78 30 70 15 160 163 260 150 299 228 229 86 99 190 100 52 97 126 81 107 88 17 144 92 40 293 28 216 265 191 215 95 273 285 110 133 201 70 283 200 50 212 39 201 155 
191 254 252 70 35 60 158 105 256 2 145 250 83 114 267 274 29 62 247 14 225 133 215 47 116 168 98 81 259 299 236 150 5 188 220 93 0 130 198 257 185 43 259 268 157 278 294 238 40 293 253 265 
126 220 13 243 140 163 76 151 214 12 2 220 252 274 65 253 157 263 210 42 58 221 62 268 199 56 206 291 49 211 257 176 132 22 171 24 237 247 176 203 11 230 175 263 256 240 216 113 203 178 207 14 
151 269 282 50 77 188 42 179 100 51 107 284 125 278 8 62 277 236 17 288 166 193 251 123 133 220 288 89 150 196 103 2 217 137 52 295 25 146 174 177 197 33 161 74 11 222 188 40 210 206 28 77 
99 31 252 284 3 292 125 154 188 280 208 158 117 12 205 143 159 131 72 108 164 286 183 227 260 71 267 170 29 47 299 128 78 3 165 82 296 290 288 236 271 196 94 88 208 299 283 119 182 56 228 46 
94 163 273 54 234 240 224 16 39 224 144 118 227 61 252 223 52 292 212 23 188 6 163 148 58 147 268 240 255 248 39 49 111 64 103 97 57 79 113 96 55 10 214 283 71 218 258 123 210 170 146 150 
229 10 299 287 209 19 279 164 267 18 265 78 83 120 175 192 199 289 288 255 299 203 290 122 173 0 246 136 171 144 286 152 206 37 191 115 56 222 31 75 293 48 153 128 168 81 20 68 122 8 23 173 
263 13 295 137 13 241 273 236 138 259 140 44 49 31 212 105 254 295 233 247 44 86 75 212 219 95 32 41 155 55 266 119 120 262 256 186 255 229 174 93 240 15 190 289 98 102 147 104 97 80 103 193 
218 230 106 190 25 138 283 181 246 250 0 118 212 8 4 167 289 231 13 229 298 203 271 96 5 170 253 154 250 56 100 220 287 258 110 64 148 146 297 94 96 49 265 8 57 269 227 46 252 240 28 250 
143 299 47 200 169 0 107 171 108 259 143 95 217 6 160 65 152 157 212 248 207 177 256 16 198 235 63 151 176 91 101 71 142 200 24 11 252 183 234 61 142 77 156 111 83 68 176 235 278 88 183 237 
265 191 253 216 127 68 67 55 211 220 178 53 121 202 116 125 137 50 186 31 128 95 142 263 163 19 199 193 159 134 130 177 26 84 93 205 204 212 260 116 132 138 221 5 93 38 131 282 140 17 14 20 
164 156 284 80 227 235 273 139 69 104 16 95 240 161 0 144 73 12 12 205 151 234 211 296 272 94 278 112 111 292 185 28 201 169 108 180 104 81 19 173 237 35 21 229 248 73 126 21 138 138 279 289 
72 242 37 44 36 15 209 199 60 94 227 13 15 87 193 119 221 213 44 158 0 117 140 249 191 266 22 29 104 1 70 177 243 159 273 31 226 234 283 286 80 210 299 95 298 193 266 271 158 11 181 158 
180 21 159 123 39 182 152 144 183 274 73 179 185 98 262 112 85 245 98 165 156 150 13 206 95 279 177 5 42 58 163 223 132 23 46 171 257 251 67 140 277 140 71 163 291 34 27 76 279 125 293 187 
27 6 145 174 38 74 179 80 133 43 55 17 118 154 188 75 157 256 267 134 148 39 49 139 125 76 267 104 254 261 44 33 19 189 208 57 264 87 138 149 182 245 166 52 99 106 179 256 62 147 143 263 
238 244 154 63 21 122 219 27 135 263 60 154 153 20 212 169 108 102 18 42 47 236 95 199 42 274 207 157 173 50 120 111 295 274 226 68 148 146 147 283 161 259 190 66 280 102 235 88 256 5 182 55 
241 277 254 284 4 162 141 177 264 13 41 11 287 19 79 136 165 278 171 79 238 61 145 218 215 81 58 171 138 240 279 80 270 285 116 274 147 9 203 164 22 244 175 9 264 7 197 181 285 121 260 223 
182 158 193 150 291 251 73 129 244 52 209 214 38 77 188 237 86 143 101 108 88 277 170 104 284 67 37 21 240 50 245 123 208 138 273 199 142 46 80 86 151 42 0 189 119 240 178 206 83 280 66 223 
9 236 79 45 56 169 66 296 219 63 171 179 254 196 130 96 295 210 234 146 252 286 87 124 226 265 82 61 297 148 37 58 85 168 103 193 37 222 189 256 285 61 187 291 9 17 87 4 228 21 150 232 
7 289 56 285 255 138 99 4 39 136 63 124 56 218 17 94 192 258 102 178 71 290 221 81 59 9 85 287 82 288 272 142 277 80 179 284 271 278 289 10 166 104 186 223 22 203 17 215 213 171 145 285 
161 66 118 273 127 255 260 262 243 284 104 273 65 283 257 88 14 246 98 180 102 284 155 125 239 172 92 152 96 237 189 9 55 59 282 183 15 295 197 258 279 1 283 96 36 241 184 102 239 34 283 42 
70 190 219 9 63 11 214 211 248 103 220 55 163 203 290 230 198 187 240 229 240 224 26 29 165 262 131 104 49 166 198 119 57 117 129 172 128 43 83 128 198 3 184 113 206 174 43 156 62 284 86 2 
260 164 31 125 178 215 281 227 81 180 47 138 49 176 62 178 271 145 58 221 201 242 87 107 169 182 16 283 218 154 37 178 18 121 3 196 36 37 124 169 269 223 8 18 99 122 248 122 268 59 95 169 
1 182 28 222 65 96 205 283 250 243 214 268 116 269 217 152 6 93 21 27 16 81 46 167 204 46 41 224 105 136 93 159 19 173 133 136 270 39 171 220 34 85 241 150 55 210 54 113 3 127 141 71 
209 239 238 165 285 31 89 143 167 234 54 238 159 187 74 129 226 246 102 12 83 95 214 190 5 268 4 8 96 145 131 57 84 121 274 121 152 115 264 19 49 70 10 260 258 84 90 236 82 244 249 166 
39 163 56 96 184 112 156 32 257 287 141 93 108 115 267 260 230 283 31 31 54 41 291 12 178 133 248 260 77 249 178 168 113 287 16 49 99 172 81 109 159 222 254 19 89 221 279 19 257 63 102 11 

