529173860
925173870
217173880
365173890
528173900
830173910
925173870
137174496
137191082
830177910
830179324
137187294
830180243
830177102
217181314
528182375
925175506
365183365
529175284
217190678
747175062
217179738
925192203
365181223
622189355
622180425
137187819
747190748
487188223
747179991
529177122
925180456
529183183
925178809
487190375
487179445
365183506
487176850
925191344
830179617
137189314
747193385
747183718
622191617
217190405
528174274
925176688
529176738
747183880
487174304
365185728
528174062
622189355
830186870
137189274
830188021
925185011
528177981
217187486
365185728
217192961
925186748
622193829
925178748
365187385
365179789
747175587
830189304
622183779
487191496
529184062
747185334
529192920
137187557
622180647
137174021
925187961
747193637
528189344
747188850
137177829
137176748
137192132
622189546
529185647
217191153
747187658
747179627
365175748
747186445
529179466
217191405
622177092
487179334
217184738
528193072
528177355
529177001
487179223
217177415
747185405
365183829
529179577
747176981
217186052
528188658
217188799
622175476
217175395
747175062
137175991
622189779
830189971
925181496
528186102
217182607
830188678
487183748
487180698
830190233
137190203
528176698
830175738
217175213
747175072
137177748
365187324
528178415
217185274
529178951
137181183
365190607
529180153
622180163
830186991
830187708
529191920
365180233
747183435
747179799
487189193
830188678
622184900
622188334
830182092
528184708
925185789
217191476
137187243
487176112
925183294
622181930
528176163
217174940
487184839
528187334
365175486
487192294
529190637
747187496
487192405
830179415
217187880
365188557
528183860
217187132
137177031
365178466
528192799
137181163
528176405
528193597
747179991
528174951
622175900
487191193
747184951
528187809
747175880
137187243
747174203
528180062
830191940
528184567
925180405
925182718
747191870
528180819
487180940
137183627
217175304
830190870
487189062
487177476
528192314
365183738
925176425
487191708
622181930
830178011
747190001
925185617
622176062
137186324
925192415
528184678
528180385
830182839
529178405
365177567
925187678
365193789
622186456
925187698
528184678
365175819
365188809
487176849
747178526
365191466
622188132
137182647
925193466
487176951
747174658
487177557
528174062
487181445
487181769
365181142
622175516
217182940
529183951
830183072
217187375
487190213
137185203
529178930
217181314
487185516
925191344
487186021
747179011
528187809
925185011
830191435
137181082
365181142
365186294
528189466
365183001
365177971
622187829
365190607
137188890
925191890
622177597
747189375
137179213
137179779
925187910
365183001
365193142
365177637
830174112
365178355
487191849
217180324
529191122
529189122
622193193
365179355
529181789
622190587
528174284
925178809
622174920
830184011
137182324
925173870
365176870
365188041
137180112
487181779
747184819
487179082
747176890
137179728
137175405
365187971
137180476
137189647
487186961
487185183
622191789
487174304
622178981
830191567
137187557
830174516
830177021
528176971
529182122
925182243
137176748
747173940
365184456
747189102
217185274
830178486
925191102
747175102
365183567
487175375
528181203
747187142
528177981
365189930
365184294
528182233
747174658
217193708
217177072
622174799
622175041
365175890
365189930
217192940
487176173
747178132
365189132
925193466
622183819
830174516
528185738
487189900
830192304
529184082
528187062
529193850
747189243
529188173
528191748
137193759
747188516
622189496
747174203
137181183
217180264
487175365
529189536
217179062
528190961
747192223
528174839
528191748
925192344
528183637
622187647
217181425
137182304
217188799
622187789
487180688
622186456
529184062
528193233
747175880
622193668
528174355
925186193
622180981
217184072
622186789
487190062
830186587
830192890
925183839
622183577
365193789
487178658
487177849
217182617
747187658
830189041
830174516
365186112
925189860
137183153
528177233
365186557
487175365
487193102
528189607
925191264
925182476
137173981
217178304
747185405
830191516
622175041
137183344
217192486
925191264
925191052
747188284
137193486
830178122
487176951
925187092
529190365
622177668
529174213
747190193
487185072
622183243
137182647
487176849
925189860
528191314
529175789
528185829
529189850
830178213
528183355
487181940
529183900
747187930
747189486
487180183
137174577
217185951
217179708
622175041
529183183
487178264
622175557
747186971
137190971
137180728
747179971
528183284
925192183
622188334
487182072
487175546
925190031
747178900
747174597
529180829
622191557
528191072
217182617
529178880
137182294
622181243
830186870
925182466
830186587
365189021
622190112
925182981
137184617
529186183
529180021
747178678
830182031
217188355
747186971
747177456
365193062
137174577
365180344
528191759
622183213
747184142
925191415
365187324
622182163
487185516
487176769
830193365
528183274
365176940
830180122
747186132
137190183
365183536
487176577
925183163
830176759
137180476
622187112
137190294
529191001
528176971
365177405
365188809
622179385
529180748
830178829
528174647
217191860
747187658
622175476
747187142
111111111
747174163
487186243
529185496
137189274
925177698
528191759
747190092
487186698
830183617
622189496
217188819
925177698
217181425
925191971
217184395
925191344
217188415
487179849
528185738
747176041
925180759
137180920
137182324
747185334
137192132
925187445
528188627
528193779
365181031
925175779
830181870
830179415
528192314
622178597
830181627
365175486
137184435
747184142
137184607
365178355
137177789
622182163
529193254
528183910
487185435
529181284
747181385
925189637
622192163
217187486
747185334
925184405
622192445
137178445
747174324
747193445
528183769
830193274
528178001
529190395
925175779
830182526
529175092
137193819
137181557
622187951
747191163
622190274
747181748
747186971
925179375
747191163
830177506
137181183
137182112
529175526
528193223
365173971
830177607
487175951
487175122
528186607
137179314
365189940
622176243
830187748
365181991
217183647
137184284
529175870
925192617
528180365
528192870
137179344
487189738
528190961
622182284
925183940
217179587
487188385
529180557
487182385
217182506
830193324
622181092
217185597
529188062
622183516
487177375
925180355
137182223
217183526
622180981
365183173
529175153
830177486
137193819
747184870
217183011
528191748
925190284
137185678
137182223
487179849
747190708
830185456
217179496
747186738
217191476
529178930
137186344
217174789
137183344
365190314
365191213
747178284
529193425
365187233
217187870
487179223
925191971
925178587
747183435
137180920
622190011
622186011
487174365
529182183
365178466
137183678
217184102
365178890
487184930
622185940
830180597
747185314
528189153
925187910
137177112
925192344
830182688
365188153
487185021
365184779
217184173
747188516
528191759
622184849
747185930
925190779
137182395
487174294
137192759
137174627
365188526
365191991
925179052
925186748
529192546
529189506
365175001
137175799
925181052
365191506
487177930
137192759
217185597
529193577
365189698
622181597
217174385
529174314
622186001
830189617
529183254
529183991
487188647
529192546
487179445
622177092
487176617
217193708
830176496
528180658
137176961
137182223
365183829
622175940
925181466
365179789
925179365
747175243
365179829
137190698
529178708
487181365
528185557
365175001
529179153
747181748
365175385
528189142
487182173
137174476
830188112
217184173
925182718
528188375
747173940
529175789
747178678
137184435
747190001
217186304
217179132
925190597
925183395
925182981
217174728
925187223
528187203
487182385
622178536
830185456
365180890
747175698
747190981
487185516
529190637
487174365
137187243
925187223
528190789
830181072
925190425
487189951
528192243
528175466
529179153
528184163
217188799
747189415
365182860
365181617
747177264
528191688
365183314
217176678
529192435
365186274
365185698
529175668
528182799
487174607
622187829
487176587
217177738
830175850
528180860
925186355
217182607
830185355
622179920
830187759
529182082
622175678
622188122
217193243
622178183
365189940
137182395
365187920
925193506
217182456
925174557
529188668
747176041
137185759
747186132
622191789
487186041
137189314
925180254
528186365
365191284
925179304
747179092
137175324
925181415
487174092
830180375
830191567
217177395
217175304
365191294
137181375
137176991
925179031
622183324
137192102
487182274
365176910
137176294
747186526
622179951
487181708
528185294
747190910
365190607
487177243
747188728
365189132
830187708
529177122
217180991
747179769
137192334
487182173
528178233
529178708
747174597
529191122
830190617
747174163
487177557
622184334
622179536
747186445
137184799
529185102
529183132
528189607
747177456
217188425
747178799
217177153
830191536
528191799
925175728
925179052
528191748
528187688
137176294
137182223
747182496
622182516
622189546
487191597
830182142
137191698
487185223
747174072
365191466
622185506
487181779
622192445
137192142
747185405
529186860
487181647
365176344
529175617
830193738
487184153
528193183
830179415
137181900
137187294
747183264
137175163
529175536
528189031
487176850
830191435
830178092
925184880
137177031
528186142
622186647
365192910
747193445
487179183
487174092
487179072
487177809
830193546
217193041
529190072
487176850
529184274
925179597
747185930
529184041
217180102
830180395
529189456
529175536
925187567
529191678
217174789
830181678
528192052
830183476
747182153
622189839
529175688
830187466
747191254
622179506
137176466
137192041
529190082
528175597
622178769
529192920
529181688
622190930
830189435
747192748
487175971
217173880
622179506
622188072
925178627
747181860
925175930
217187375
747174546
528187072
365193415
217188243
529187718
925184880
529180557
365187385
925185011
528181213
830180375
830181799
137175799
747179688
747189728
217184587
487184789
137174466
365187344
217183890
487180183
747179769
528185132
830178213
747184385
137191981
622182486
925186728
137179314
830185355
747188284
487178072
529183728
830186991
487180304
925185789
529184546
747182567
365176516
529184122
217189516
830188021
487178314
830182526
217193243
487188860
925190031
487182173
925174001
830192496
529184698
622183203
137183153
222222222
747184748
217190405
830175850
529174900
747186536
365177405
830174052
747187930
529191587
137190142
365174910
217176678
925191021
217174385
747192557
487174011
529175961
747193637
137179668
529192880
528173900
747175102
747175183
830178718
622179951
137189274
217181759
830190021
830188718
925193355
365181142
529189506
830177880
528192870
747181153
365192385
830179415
529181284
137192567
528184708
622179243
487182314
925179375
217188324
137191445
217184597
830190860
747175183
528177870
217183425
529188981
925177678
365189021
528189153
622189334
137187557
925187365
747187142
925179365
487180496
365178688
830178718
925182041
622188456
925182779
487177930
487178658
830187052
747179092
925183940
137188890
830190163
622188536
747193385
622192011
487188951
528177132
217182748
622177092
365177425
217192658
747175183
529176183
487191708
137190142
137191698
830178647
365175486
830187102
217191153
529190072
217188324
925174557
217188910
622184314
622179536
622174567
217188799
487181940
217174385
529180607
830188011
622193718
747185193
830181254
137179809
925192466
528184163
137193476
925183395
137181668
747180415
622176243
747176041
487174365
747188163
747180567
622186789
622180799
830178516
487176769
528176668
830188052
528191759
622184991
529174991
137180435
137192567
137179940
529186506
137193688
217175213
487185516
487188940
487181769
622190930
529180748
747185799
217179395
137174849
925182476
529183951
529189082
747174163
487176112
622190930
528185738
487185516
137190142
217191243
830177546
365192971
529175445
365186779
747186496
830184344
217175304
365190728
622176930
365187728
217177193
487189900
622185627
830175658
217182001
529174991
830191809
137188890
528191900
365183405
747190536
365177183
747182668
528184647
529177920
528178971
528191324
217182637
747181567
747187546
529175334
830174779
747174748
925175506
925183839
925192466
925177678
528174951
529187274
137192738
137174395
622175476
622176142
529175668
925178546
529187163
365184779
925187223
925186748
487180850
365181223
217192486
925182718
925182718
528189142
217188476
622180799
137185466
217192486
529191678
747182153
137183344
830179122
365179829
925182254
217183041
487184203
830192496
529192920
830187748
137179314
137180476
830187466
487176587
365178193
487178223
622182284
747186496
747175102
925179546
925193466
217188910
529176738
529180748
747191779
747178284
528193597
487181294
747184385
747174597
529181789
137176466
747176890
365187344
217191062
137181698
528174062
137192850
830180375
747193456
747182668
528182233
528186365
528176163
925184880
830182142
622176284
747189880
925175769
622175718
528180819
925178627
137182971
622175516
830188021
137183627
925192668
622186011
529184243
365191738
529189456
137177577
487192930
830193153
217184223
137179254
365187284
217188486
365188153
217182546
529177708
747189728
365176334
622193203
137179930
365184860
529189425
529193567
528174951
925180759
925186940
925182203
365176344
529183981
137190294
365183365
925186254
365184456
925179365
830183375
365185880
365191284
830190809
137175991
747191254
529175789
529191658
830184112
747190476
529181122
925186627
487189951
529183132
622183516
217182456
925190779
925188092
747174456
217177940
365182577
747190264
830178718
830192890
487178658
925182627
217187940
137174577
529175536
487184153
622174344
487184930
365183142
622179860
529174213
830177324
529181718
830193607
622176142
925175779
925192274
925189860
137193314
529175607
137193314
747185193
622184849
217188617
830180395
528175496
529175607
217181314
137191173
137189870
529189506
217179708
137183062
487187193
830175658
747178940
137175344
747176001
925192183
622181486
487193395
529184092
622177597
529191920
365176910
747188405
528183860
529182183
622179405
622181264
747191627
528185294
487191132
528173920
830191536
365181476
747182769
365183314
487181819
529184536
365191738
487192981
747176658
622182516
622178769
747184142
487185021
830190658
747186496
925177647
747184759
747180193
925177536
365193062
487181324
747191627
830174112
830175658
747186395
529185587
529186466
830187052
137175405
830189971
528182233
830180961
529189233
925186728
365173961
528189324
747189375
830186617
622186880
487190375
925181496
529185587
217174385
528174132
747186850
622181001
137192951
747186496
217186577
528191314
622174264
747177839
622188132
747187496
365176092
622186880
365188961
529189759
137179748
487176173
830176809
925187961
137185759
217179496
925191385
528189153
487185344
137187850
137177435
365180668
528189607
217184365
622183193
529182183
925183850
217184365
529184698
487185344
487179021
528181536
529180021
747184142
622177597
487185971
487183546
528184647
137175991
487185223
217174678
747187496
528190849
529184082
529180809
487181647
747181153
137184284
137179284
365192597
365183587
529189789
137187900
622193829
365183173
487188849
487178738
217174678
830186435
217188617
747174930
487183112
830189304
528183274
217175254
365187041
365176870
830181678
747175880
925182254
487177243
487185344
747184355
622180708
925176688
333333333
528192870
747185193
830177486
529188173
365191637
137181981
137179940
830190688
747182567
487185526
365187324
830181173
217189284
830182870
747174456
487186708
365187233
487186769
528177779
747188728
622193829
747190264
487187456
137176748
365185658
137176314
137193587
528193597
137193476
529176738
487180304
529179476
747191163
830180597
528185981
622186910
217179435
217176385
830193153
925183940
747190193
529177860
925176456
622187516
137182698
487188223
217182001
622174536
830187102
925182203
830176880
217182506
137176860
528190849
622191850
925177163
747175223
529178779
217185951
747189102
529187425
747188284
925186314
487186759
528174132
529190395
528181738
925177759
529187122
925187183
747193264
487175971
830193274
830175294
529190526
925176425
365177658
747185193
529186860
365185112
529181718
622176062
137192041
217176203
528177587
830190627
747185819
487193395
622184213
528180062
137180728
217178153
622176567
622193344
137187819
925191385
622183516
528190849
365183365
217181395
747175708
622186910
925180355
925174708
217188910
528190961
365192971
747192395
529174314
217182001
622187647
925178961
528191072
137175991
747178940
830175658
137182789
747191011
747173940
217176052
217183052
747179769
529193334
747185415
830181799
529184021
747182920
137191526
529187627
747190981
529193577
529178849
925187738
365175890
487193557
528183355
529190829
528180910
830181254
365190314
365184375
137184668
217192001
830181870
529181789
529182415
830177304
365187041
529180809
830181254
747179900
747190981
487178738
528180274
217193294
365185880
365175627
622190274
529178849
529190637
217181344
487192647
925179142
925191415
365187344
487182274
487191092
487180516
137189274
528183910
747186900
487175314
925191102
137177052
217176678
217185001
529186981
217188617
529190900
137176860
747181567
747178385
529186466
487179445
217174789
622186799
487184153
925184880
830182092
830179839
217191819
830177516
528186082
137190516
137190890
365180789
830180243
365181991
622190243
137180011
528191072
622181597
622175516
747182849
528189344
529180809
529187425
487184789
529186405
622180647
622187647
747191880
365176536
622187264
487175415
529177920
365191294
217187375
487183546
487178041
528176839
529178274
925187183
925186254
529189850
365192062
747183718
487188870
217193658
365178839
528187334
528191041
830179617
487178395
925186728
830178718
137185486
137175405
830179122
487182961
217186304
365177405
830179415
622179233
487178738
217180577
830187617
487178264
622184961
622192829
137183153
925191264
529186981
365188961
137179314
622176274
925187223
528177587
217176557
487177951
365176435
217184365
528177779
487178112
137174849
830181546
528174284
365178991
830177486
830178122
622175678
925186627
622179536
622190577
925182203
217186304
925182779
925178809
217183011
830187617
528189001
529176829
830188718
622180839
528191314
487193102
529191658
925192284
622179294
747180173
529192425
925190597
747178910
528177991
925176011
217180991
747193264
528181112
622185940
747190092
622174850
622184052
365190052
622188132
137185486
217184688
622176062
528180860
217184829
622190243
830180597
217188425
622193213
622175809
528180062
830193274
830180122
365189698
830176728
830184344
365193748
487185748
487178425
365189698
365193062
747186900
622175577
137174819
365187971
487189951
365183567
925188738
747178678
747186122
622184314
747185193
137190132
622177041
925185092
925190920
528182587
747191011
529178405
830178486
925183940
217189052
217191062
529185496
529175264
487175546
830176072
622187789
622184849
747193031
487185668
137178445
365192385
747186122
528189031
529189991
528188587
528183769
217183052
487181940
622181597
925175031
529189536
529180809
622186001
137177789
830177486
747184870
529175355
487185021
529193567
830190860
830184112
747178678
528189658
365184658
137190142
217185274
365180344
528183274
747193385
137193587
747189365
528180365
487191930
529178496
529188062
925192284
529181304
365181031
747174375
830187052
622187829
830179324
137185900
528183284
925192183
747189849
830185445
830191355
830183971
529184021
925182264
365173961
622193203
529189536
747177839
925188254
529189789
830191334
830189223
622176789
925186748
528191748
217188799
137179284
217188355
622174637
528183355
217182748
137188890
137183062
830181546
365191738
487193122
747185334
217182637
365186274
747174324
528189011
137185284
925179365
528190849
137187557
217179738
217191476
529187254
747189375
529191658
529184122
830190718
830183971
487191486
365179607
529178849
217184688
529187274
830179324
365179829
529193001
529184698
925177718
830190688
365173971
487182678
747173940
622184849
528177233
830178011
365188698
217184637
925183839
487177375
622178183
747179971
137182971
528180274
137182445
529178880
830188718
830181254
529190355
925181052
217191243
137184940
217188324
747190193
622182365
747192193
747184951
529186092
925179890
622180900
528188880
487182557
487180698
830189910
217181951
747181860
747176981
217179395
487174829
137181900
622175718
365186112
137177435
444444444
487176850
137185466
217177254
137181193
528177233
365180880
487190819
487175415
528180486
747179041
747176486
365184860
747187839
528187597
365175011
137180920
217188486
622189355
925179890
622183243
487176951
137192951
747189486
487174365
622174637
365184375
529183183
529174223
365191466
830178829
528180001
622187021
137188607
528178001
925183102
487177375
365188041
830182031
622178597
830178021
365180233
217191031
529182021
137176466
747185415
487175971
925191223
528192314
747189880
925183294
217188617
925183102
925182880
528183355
830181678
528180062
528185173
137176991
487174870
217181759
528185213
747180193
528191577
217177193
925183870
925191385
528189324
925175930
217193617
529191122
747176890
529187254
365183092
217188748
528186607
365175627
365183082
365175910
137180435
365184526
217174728
925191415
137193092
217186052
747185930
925187213
529180809
830178294
365187082
830190233
622188971
925177647
747181637
365179637
747177456
830178486
830192890
529184243
529186466
365177142
365192809
365189930
622192082
622182486
830183456
217191476
137184284
925180223
830187617
925188637
529186264
830183233
528189001
925191223
487178425
925185052
137188233
217182748
830175294
487178567
529185496
528177355
529189122
925187365
365185728
622189779
830178294
747181748
487187456
137182971
747184132
487176607
528181021
217183052
137184617
747193385
925187213
217176365
365178193
487193395
487192294
137188193
365176435
137174486
830180294
529188062
925188738
217188314
217188486
622190930
528187607
137180728
137177112
622189355
925187961
217181759
487189092
365176092
529178849
217178163
365180890
529181839
925191021
747185193
622190243
830177880
622188971
747179971
747191870
622178324
925180526
487183658
528177011
487181445
830182688
528184567
137177728
747175072
529187254
830179415
217181951
747175587
487174294
622174920
137190203
747175102
925187223
622176930
747189880
622176819
217187880
529179203
830188112
529182850
487174870
529189122
365189021
137184627
830193738
830192526
137186486
487190122
830192526
747184759
137188193
217188031
528180860
622180132
137191981
622193193
622176243
217177193
365180445
830183304
830185910
747181637
137184607
137181233
925177698
487174365
622192829
217183011
830178294
217176678
830185607
622175900
925182466
528189920
217182456
528176324
925181526
487191708
529191658
365182334
529184546
365175819
365178839
925180456
528190849
487188142
529175334
365191213
137177052
365175849
925192355
487183546
747187142
747191627
137191718
747192223
487179223
217180769
137189173
622178597
747186971
747182668
925191385
747178668
365179698
528184425
487192213
487188789
528189001
217188425
529179567
622183324
622175940
365181223
217188486
529183991
487176617
925175860
487181577
528185708
365190052
622184849
137182647
622188536
529176708
622186001
137174486
487190375
137180728
137188233
622176789
830180243
747174930
528189607
925185052
487176607
217191476
830184769
365176536
487180698
925186951
365183930
622173951
137179284
217175173
830190718
528183274
830176759
747186132
528190849
529186092
528181062
747174748
528189011
528192799
529193334
925187365
528176163
529187425
925175779
487180183
137174153
925180052
137177466
925187183
830190233
622187789
925183031
528181809
528178415
137190183
137193486
747180173
529189789
487190102
747174203
217179738
137179344
747175880
925189637
137191526
217180991
528185839
137189476
528189607
622188456
137180920
365175829
528185981
622183819
137176637
217186304
137184627
137181193
365189940
487192587
217192860
622177597
137182294
217179062
830193738
622188122
529184546
137191445
217187536
217187870
529174900
487189900
217176203
365187435
830185567
747186395
217188910
528174526
622179294
528190961
528192254
365178607
830181627
528176668
747193445
622181001
137179748
925177718
137190142
529177385
529183981
529180748
217185142
487185021
925192849
830193607
365189385
217192001
487187526
830181678
365181971
529190365
487186759
487186021
622180213
365180668
487178112
365183567
217178506
528179910
137186546
365193375
487179334
137190183
747186122
925179365
217184738
365190041
529185961
217183526
622181930
137176021
529186264
137189870
137181233
622186213
925185324
487183415
365189930
747183435
217183607
830174052
529190496
747179769
529175668
747179991
925176456
529189991
137185900
217190486
830184557
622186011
528189203
137192334
747186536
487189264
487182173
487190213
487188870
137183627
830176072
529175082
747174203
365175748
365187435
529180748
217182456
487175142
830187102
365193021
365175627
529191122
137193819
487181294
747174163
487188870
925183163
830187052
365178688
528191728
217187870
528189324
137175405
925181961
217190486
528191314
528188658
365177203
487174092
365178355
365188961
217184688
487182385
137181557
365190223
365180506
528184708
925186930
137174153
529186092
365187173
830174809
137185759
925179102
137175799
529178930
925188082
622180839
487182385
830180294
747189728
925187445
137189526
747175072
747183435
217177193
487175122
747181567
830179516
137190668
555555555
925182779
747175708
622182163
529186506
365188809
747189880
528182375
925179546
747181860
137174819
487185748
747193678
747176082
217188910
365178698
487186698
137183678
528185294
365181476
217189052
528177991
137190567
925181466
217184072
137182900
622175516
925185092
925181496
529189425
487182173
622192011
830181678
365185658
528177011
747179688
487192698
528190789
137184890
528192052
365187435
529189233
365183587
365190728
622192829
365185890
365183365
747191870
529188546
137188193
830181546
365177567
830177304
365186223
622186567
528174839
622193829
365186637
528191233
528180910
529184910
487181294
529180021
830178122
622177496
925176779
365179829
622186799
365177142
529175355
528189142
528189748
529184062
487183748
622185254
622186647
137178759
137190294
528173930
529181789
137174627
528176668
365191637
622193668
365179637
830174890
830174809
487179849
622174264
365185890
747175698
137175456
529177860
529180153
529189829
487188849
217180769
622186678
365184506
529182850
217184072
830181072
137183062
529174981
137174627
528188829
365184658
747175102
217187011
747184496
217184223
830183971
137190183
747192900
217182355
137181163
747180415
137183344
217179587
747175587
137188193
529192435
747175072
365177365
925191021
830177021
137174102
487174294
622189395
217182506
622174264
622181264
217188001
217178102
365184860
487176375
747189597
622174536
622179405
487181779
925193466
137185284
830185688
528193072
217175839
487177375
747183264
137185486
622174344
217182506
925183031
137190153
137183809
830184577
217188425
137179344
528175435
217184445
365183173
365183587
747176647
925187961
747175062
622189496
365193789
487188142
622190577
830191567
487184839
747177445
925179961
217176385
528174284
529191001
925177536
365182759
925187445
622187021
622186789
747186122
747186395
487174870
925185092
925180779
137174577
529187163
830187617
217178163
137182395
622176567
217175193
747184951
528191041
365183314
830175738
747189072
487176587
487184486
830174052
137187294
528181456
622180708
925189577
137192738
925185920
487181577
529186829
137185759
622176243
487175415
622188122
528176668
925191890
529174506
622183516
830193698
487179274
529191658
217177314
747174658
622183557
487189062
747176102
487185668
747176486
747185385
217187870
529175607
529181839
925191910
925186930
925179365
365185880
529174041
622184334
365188698
137185203
365178456
217188415
217173880
925188738
487192627
622185304
528184718
747176486
529186981
925173870
217184233
217182001
487176031
529174981
747193678
925190850
137179213
137179678
137192041
487192112
747187546
925185920
747178728
747185334
830186870
830178718
365192597
529189890
622193718
487193102
217186173
830189223
217184688
622184991
528178001
487186759
487185344
925179163
830191961
217176052
529189506
217189516
925176779
925192183
622184849
529190900
217184223
487176587
622185809
217187486
217189516
747192456
747179769
529187122
622182163
925193173
487177294
528176668
137180920
528190557
528182587
830177607
217191153
528175425
365184860
622187021
365188041
830187466
830176809
622193344
747174163
830176880
487190819
137181668
830184769
529184546
529189233
487188203
622179294
830193284
529189233
137188930
622182516
529187274
622188536
487191546
528183698
487181769
830182688
925185870
487187314
622190243
925190031
528192314
830193698
925181496
830185153
925192819
529193001
365183314
622186789
622174344
529181122
529175536
365191203
925179304
137190698
365179112
529186860
528182799
487175951
925173870
830191435
365181223
137174577
529181718
365176940
830182031
747175183
487177809
137174153
487189264
365183829
747176658
529192031
830184577
365187890
622185506
747193264
217188476
529180930
487182072
747191647
925191385
830176728
529178850
529182536
529189233
925186163
137181233
217182001
925183395
487175365
137191526
217175920
747189375
365188264
137176193
137184617
365184294
217182506
137178344
747174324
747187546
137191526
137182789
529191122
528174526
529191920
747185819
217178506
747187930
747178940
529186829
622184314
529176597
365178890
622184052
487188223
925176122
747191779
487181577
487185435
487191546
487182708
137179779
925187738
925186203
830185264
747186445
365187769
622186799
217185637
137190698
217177415
137179254
529180607
925186951
217176385
747175102
830188021
137181082
137191698
529192920
622193213
487175971
622174264
622184849
365179637
528178617
528183274
528182375
217177254
487176112
925174557
528181607
529187254
529192435
925193526
925192355
529186264
217183526
925179142
528180860
925178627
217192536
217189183
830180738
622190274
528192799
830183456
528192052
747182496
487190304
622185254
830192991
528189001
622183203
487187526
925173870
217185001
925180355
925174233
217188243
487181324
747186122
747193264
830180738
528182344
487183658
622181486
528176304
925191021
830193799
529188062
529180607
622189546
528191839
747186971
528186142
830188839
830189254
622174567
830183971
137185678
137192759
830193163
622185506
925190597
365177567
217186718
830184183
487175142
365177405
666666666
529179203
830191809
217191829
487178223
622192082
217188910
830185355
217187870
622181355
487174304
528178415
747178940
137180435
487182951
217180577
747186850
137179678
487187456
365193627
925190597
830178486
925182243
217192001
529188062
487190940
365175627
137181375
830183375
137190991
217179132
217184223
529188173
365187860
925188920
529185647
830184304
529188062
529178930
925177759
217179870
365184456
528190415
217186304
487175951
365178698
747187658
365187890
925186193
830187748
529174445
528191072
217176365
528190557
217191031
925179961
830176132
622175718
365176344
622183759
529180284
747176102
487184850
365180506
747181435
365181476
830193304
747188708
528181607
217184829
528176405
528185031
925174708
830183668
622176567
622191668
528177132
365181849
137177274
217181829
137188769
622183193
365174718
747176647
622191456
622192678
487187395
622192082
365177203
528186102
622188456
487179223
622183243
365174334
137190324
830186284
925176233
528192799
529176445
747176041
217192658
747192557
137179728
622176789
365187769
529193425
529192425
137190516
529190072
529185476
217177153
487186698
528183769
830189617
217193658
365174880
217186052
137193314
529181122
365175001
830191809
622182365
830180587
217188355
529182536
528174526
217187304
137177961
487181940
365186223
622187647
487191708
747185314
487187991
622180132
622186647
529174769
528189748
925185536
487177951
217177738
529181718
925175506
365180890
830190738
747182153
528174526
622179385
622175678
487187506
622174850
925179375
529180829
925186254
365189132
747190748
365183738
747182102
529190395
622185940
487178264
622177668
529174041
528188829
830192728
747174456
830181678
622192324
137191698
528190173
365191213
622188102
622178334
137179264
830183304
365176910
925179526
747187496
622178324
365192809
528181132
528176839
747184031
622179920
137185395
365181142
365178355
925185092
830187748
217179062
747176981
217174759
217175173
925174617
217180577
830189617
365193375
830181799
137181183
747175587
365174910
529193850
925192617
747174203
487185435
747183385
487174365
747181274
747190264
365183930
217183890
622186880
529188546
830189435
622176930
528175466
622187021
925191910
830180294
529189122
925190779
365183920
365187284
622182930
487192981
925176122
925189981
747185314
528191041
529186466
747188344
925182243
365181031
622181486
487180688
529188506
365187890
365175890
528185294
137174577
529193435
487181294
925187910
529182415
747189375
365180031
487174607
487188849
487187506
487185072
137174819
137179668
830184344
528191799
622184334
747183122
528182344
528192799
365182860
925176264
622174850
137191445
217185637
925182203
217187011
217175304
528174183
217182355
529189890
747175183
487175546
622191456
529189829
830180961
487184850
529189233
830180375
830189910
487190940
830186991
925188920
925188637
747189567
529192546
529175284
487174365
365173961
137182011
487184153
529186829
487177557
830191809
487179183
925186314
622188334
528189405
622190112
217179132
217179708
528186142
747190910
217176203
528187334
528180658
365190506
622175900
747186971
529186264
487183597
622186910
217192658
365180890
622193728
747192193
528180062
830182738
365185728
487179849
747184819
365180344
217189688
529191920
365190254
925190425
528183769
529187163
528184567
622181880
925187910
137178344
747191627
622189334
925185789
925190456
528185738
487184930
622176900
830190627
217184395
365181476
747186425
747185425
622179243
487185577
137184627
622186910
747189597
137184193
365193142
365193011
217188355
365192910
487180496
365193415
529174991
747179627
217193647
528176718
217175213
137181698
487178314
529179880
622192163
925180456
217184597
529186031
528178617
747181153
622180708
365181223
217185001
528191900
487181577
747186425
487183021
747180173
528184678
487185526
137189274
925189981
365190314
622175274
217178860
528188627
925188435
365188153
487183546
487175951
528179173
217184173
365174031
529174991
528179486
528192243
830191334
365187082
830192769
137187557
747176658
622180213
365183961
529175334
747174546
137183678
622187021
137177435
365189132
217187849
528177233
137182304
830178011
487192233
925185324
747184496
529193425
529190395
622175718
528184567
528185557
925185052
925176011
217185365
747187546
830191961
487189951
487185516
487186961
529175870
217191062
622176223
529193334
528187072
747179011
622192163
365176516
925191910
528186102
217192536
529175526
365175829
529185961
622193082
747182567
529182122
830181546
217175173
487191930
747175243
487174829
217182637
622188456
830181627
365185112
747182668
622175112
622186890
365188557
529191304
529184698
217192536
529175526
487189799
217184981
925180779
830188496
622182486
925192284
137180870
365187435
365192385
487192930
487175415
622174850
487175314
137177466
137189870
925177718
365178355
529177122
747174203
365188557
528173920
830177516
529189425
528192799
217185001
622188900
217178102
365174435
137182829
528177981
529181839
830177516
217182617
137190698
622174415
137185395
528188627
747181011
925183839
217184981
777777777
487184203
529184971
217181951
217188183
365187920
487185072
487184809
137187819
487181647
137174496
925192415
487190062
925181526
529175789
622181264
529190637
217187870
528173900
925187961
529187001
830174809
925188082
830187617
747183718
137185546
529192425
925175132
487192981
487184486
137179668
137183153
528177981
487181779
487187991
830174890
622190577
217191476
622175577
830175294
365181223
528189203
365192385
747189072
747182769
830180122
747184132
925179031
622175557
830193324
217187870
487182961
487186062
622183577
529184092
830192769
487176112
487186041
365174910
487184153
365184860
622175516
487183021
830190233
137190991
747185405
487191193
925177698
925186940
830188052
925186940
925188738
747182567
487181769
925181961
217177415
925180405
487175951
622181264
622193668
622189779
747190001
487181445
137193587
529191678
830186991
137182900
137179264
365191991
830188112
365185698
925176779
529184910
487178738
137183678
830185567
528173930
830182031
487176617
830177910
830182526
487181324
217184981
747191647
622191789
137176637
365177183
747184759
830187052
529186829
137183678
747185193
622180839
365193062
830178021
365174435
217184233
529184536
528189203
830188112
925184001
925192344
137175163
487182314
925187365
925182718
529192031
747178668
217181951
529185102
747179041
365187153
529182850
487176506
830183304
217189587
830184183
747187637
137174819
830192476
217177072
830182092
137185678
622182658
487181577
529184274
622193829
529184122
137184435
365177183
529175536
528179425
925180052
529175870
747176486
830184183
830176759
529187627
365176344
365188153
747175587
747174658
747186122
487181102
830193799
528180385
830183334
365187153
137190324
487185223
529174445
747176001
137175163
137182698
217179395
487184203
830190163
529191920
529177920
217185365
830193284
487187506
487182193
830192304
747183385
365192385
529185647
622179860
137187900
830185153
830182597
137181698
622180637
217177254
217178304
529179476
925181526
529181304
487174304
365188041
487176112
528176355
830178476
622184849
528176304
622181092
830174779
137177031
529190072
529190900
137192132
487184930
217192122
747179627
528177355
217185001
529192546
137192132
365181476
365180880
487185991
137178577
747174658
137175991
487188223
528186072
487188849
487186062
487192506
137189173
529193254
529174991
217182748
528184567
487192112
487182557
622185809
487181365
529179567
217177395
487190102
217182637
528191142
217193647
528182587
622179243
365176940
830174779
925181415
365181971
487185577
925192819
529186466
365182728
528174183
137176860
487174829
622180839
365183829
217188748
830193546
622175476
217185062
487189799
487186759
925189981
487183415
487186769
137179314
365179112
830179324
365190607
622184334
747175102
487182435
529186405
830186617
830193607
747184759
487177951
529179153
830185264
487182385
137175344
747175102
529183981
622180647
925179142
487182173
622187789
137182112
487179445
528191759
528193223
137182395
830193324
925179961
487189264
365183173
528189153
830182738
925181506
137177435
925191052
925192183
925182880
830186284
747182153
747186476
830191536
925192344
365189940
365190254
925181961
925179142
487182173
217188001
217180324
528191314
925186748
487177334
747179799
528175425
830174122
747174546
137177052
365185728
487185526
529189536
365175647
217185062
365175486
137192334
365187284
529175082
529182183
747178385
365187082
622175809
529183900
747184748
365183405
830179122
137185203
622174536
528188587
137185900
830181072
830191567
622181243
217181314
487192647
925192688
622176243
217188243
529192839
137189647
365183082
830183375
830185355
830177910
365178890
137185546
528185557
217174678
487186759
925191264
487176506
137192951
137175405
747176890
925178748
622184314
747181153
925192284
747177264
528187072
365178193
487175546
830173910
622182516
217187849
217183526
365178890
622185940
925183102
529177920
217179708
529185102
217189052
830191435
137190890
830182870
137185395
747183880
217193243
830186617
529181789
925182809
622175577
747191254
528182062
925188294
487177809
528188375
830178294
747186850
529178708
137178344
137180435
365183738
487176577
217187870
830192769
830188678
487176587
747180092
747192900
137174577
925182880
137189274
217174254
830193839
137179264
622177496
528178052
529182183
529186506
137175344
925185779
487184324
925190031
365173961
365187890
137181557
137176294
925180456
747189880
365185658
137181163
830174052
925181506
529188981
747179041
529184971
925180223
622185304
925185870
830183456
217184738
365181142
137174627
137190839
830179516
137182324
925186627
528190173
365176344
925185324
487187314
925178365
487183748
365188264
217179587
217187011
217180264
747181011
925193466
365184375
747192557
487179334
487175365
529175264
487184153
487192587
747185334
925181496
529185961
137179748
137175991
747189668
529184243
487193395
487191193
529178779
622187264
365176435
487188223
217184637
528176324
487181041
365191738
528183486
487192213
747184870
365192971
528181738
137193092
925183839
925192668
830184264
888888888
747184496
925186334
217191062
137178344
365187728
747178668
830193546
365175385
487177334
487176173
528185233
622177668
217183647
528179910
365192971
217182355
925181466
217183526
487178375
529179880
622190577
487179849
487189900
528188829
830179324
137182223
830188021
925174708
622186880
137180011
747181274
830184577
137185466
487192930
529177122
365174971
925188092
747174142
830175850
365174910
622193213
365176536
487180940
137191698
529181728
487182072
217184395
365191213
622187647
529178779
487190435
365190254
925188294
747175062
622186011
137182829
217184738
529186183
747191627
622187829
747188708
622192324
830190738
529190082
925176779
622193203
925181415
487192112
925177718
622188779
137178445
365178688
217184072
622180637
925179546
217181344
137183809
528174062
528173930
529175264
365192910
528185163
528176839
137185395
217175193
365182860
830178294
217184233
747179688
365180445
487179718
622188334
217192153
487176375
529176597
528185850
487181294
217189052
529190900
137192102
217185597
622175112
365181617
529175607
487191930
487186041
747186496
622181486
528181809
137182900
830174112
925184728
747185930
925193506
487189062
747190264
529193567
925182203
487179072
830182092
487186961
747186496
487177294
622188779
747177445
830180587
747178385
487177284
528183486
830190163
365191637
529192546
830177304
747188516
487179718
925184880
487190375
137188193
365176344
830192304
528174183
747188405
747181567
137190153
487176920
925182405
365177688
528185132
487182274
622174850
365174718
622175809
830180961
137183678
137178445
529186981
365191284
217186173
365179789
365190052
622189334
528174082
830188678
528186365
529174981
925187183
528181132
622176062
365184526
487180304
487192698
137179314
217185951
622183213
487176951
529182415
365177658
747178284
830192304
529185587
830176728
747185405
365185658
925175031
830187587
529189082
830186284
747186122
217187011
925187183
217188476
747190193
622186415
528186102
217186173
528181809
830177324
217192092
747188344
365188961
830191112
747193385
365188213
529193334
747188728
622192779
925185011
217192658
622181486
487175375
365181617
622182516
137188890
622181264
529186405
137179779
487184324
925177698
365193021
137174688
487184486
747190476
925176233
747184031
365183849
217179395
365187344
529182415
365179607
528187062
365177890
365193748
487178395
137176314
137184617
529190496
622180637
529175355
925174557
365192365
622183324
925175728
529193334
137182132
528187355
487192627
487185516
365180344
365180233
137182223
622179920
747186425
137190142
925175728
529178880
925178203
137192334
529174900
137174466
365187041
365193627
830178718
925180355
365190880
925186203
925175728
487192698
747192223
529186405
365181991
529178405
925193355
487179647
487189193
487174294
529185961
365177183
830192526
925185617
487177375
365175910
217193243
487177284
137180476
747176981
487175375
528176304
747179658
529184122
747181385
747188850
529189890
528187799
137176466
830180395
747191163
747185930
365176092
830192304
622185304
830177324
487176617
925193506
830187708
217188476
747193456
747190344
137190839
830180041
622176819
925183395
529181789
622183557
925179142
747184496
528181213
830184557
747174748
925192466
830175658
365193021
528175435
747190910
925180456
365187041
747192557
830176728
529175668
217180546
365179698
365192365
529181789
365191203
747175880
487180850
137187850
529189425
137174021
747186425
137188890
622174193
830184112
747189597
137174849
622186880
528186102
747190001
487178395
528178971
529191920
487175375
137193759
365174435
747181435
622180132
365183506
830192890
365182052
137182132
529175789
529184546
365186637
137190839
747179041
925192466
528189324
529185476
747186536
217183647
747184142
365186516
528187597
747174405
622175900
830189041
622188072
528181213
747178132
528191324
137187031
487192930
487177849
137177112
622181880
830185264
487191597
365175001
487179183
217183425
830182839
830183456
528193233
747184031
487174829
830174779
365179789
365192062
137179264
747176486
622176789
529193850
529184971
747193678
217189718
217192021
925176456
529180607
747183385
487193395
137177031
487175021
747187496
830185688
487176213
137193809
365188213
622184052
747185930
487193102
137182890
529193254
487175567
528181607
747180072
747176647
747179971
925180254
365191991
747187546
529180829
365187041
217191951
830184344
747185415
830190021
622193344
529174991
137192850
365177203
217192940
747181850
137182445
830176728
487185435
925183031
622183577
137185678
747181274
137190839
925192284
830191112
747185405
528193597
365183738
830191536
528178617
528191577
365175627
925192466
528189011
137182971
925181961
622174415
365185728
830180961
925182203
137176748
217191860
529187779
365175011
528185850
137179264
529176597
622191789
529181122
217191819
487177334
925189294
747176981
137189870
529187254
365186274
925184728
137192738
487192213
622193668
137182304
925181526
830189617
487193102
622185627
528189466
528189001
747183435
622179860
365192062
830191112
925179890
747174072
830173991
999999999
925191415
137175637
529187627
487175142
925179142
137180334
137181981
217182940
217187536
487175546
747176041
925183163
365176516
365191375
830188718
830186284
365193415
137174476
528176971
528191759
365183092
622181597
217183011
487177294
830182870
622178819
137188769
137185284
622183779
137190839
529181304
487183748
217183526
365190223
529177627
528183698
925182627
528181132
529182122
925180405
217179132
137177274
529175264
622190587
830183334
529178849
365176910
487182708
217178102
622178082
528192718
217182617
747175880
830188052
529177001
747181748
622188334
137174476
747190536
747179991
528189466
747175223
529176829
137180466
529178274
217177153
747185041
925178365
137191718
217185062
365193415
830191112
217184173
622182284
528191072
365181910
528174062
830187759
137182223
925174001
747183718
622179243
217180769
925177678
830183456
747177264
622188971
217177395
365175748
487189627
747178668
137191082
925180314
747181011
487178041
487178789
528186375
365177567
365193142
137182900
622182658
622180839
528176839
137187294
487181294
487191193
529184021
925187213
217176557
925185011
487176617
830187466
487184254
925175506
528186365
529190829
622192829
217191819
830189435
529184122
137181981
622176274
217190678
137193809
365189940
747184031
925181466
529188668
487175142
217175395
487179223
622191365
830183233
365174910
217182355
137186486
529175668
217177415
747178668
830176880
217180264
925185324
528191072
528185718
365190314
365187233
528188880
925186314
528182587
137192132
830177910
622187112
747190536
622179233
365188213
747183718
830193607
217187870
217182637
365175385
747188405
747177445
217174678
622188122
925192819
365191637
217189052
830191536
487179021
747187142
528183637
365181617
137176193
217191183
365175748
622186678
365189021
529177627
528181738
487178658
365182860
925176425
365183001
747176890
925191415
622176142
622176930
747176658
622188072
830183971
529176183
925179526
528186607
830193284
622184900
365187860
528182344
487193122
487185072
365190607
365189698
529179476
747191647
529192425
365176910
217192940
137179728
365183587
529184082
217192658
925192355
622192678
365175385
137180728
487182385
830189254
137181233
747177456
365186557
217188799
137191698
622191557
529175789
747176981
217186718
137175344
529189425
528175597
487174294
830179324
528187607
365177183
529192546
925186203
529179466
622180637
365176536
217188748
528191233
217185001
830175759
365181142
487182314
487183546
747193385
487178870
365182759
487185344
487183112
622186415
137190890
487176617
365184375
365177688
925174173
529178951
487182274
747178799
217181829
528186607
487182708
925187961
137182900
830190021
747179011
137192041
925187910
365177890
747190769
529184536
137177577
830174809
487180850
925174708
529187163
529176738
747181748
529182536
137179930
487191597
622186789
365179112
528187809
365176910
528187597
365177203
137183153
925191971
747183385
137181698
217189688
747186536
622193203
528174647
365186294
217193243
365187082
747174456
528181890
622176142
487176850
747174072
747185041
137192132
830192769
365187769
529176597
830188011
622176819
137181183
137178759
137179779
747188516
528184425
137179213
622186799
365184375
622192779
528193597
830177880
528176718
487184850
529174738
529191304
137182971
487192698
830182142
622176274
487181324
747183718
217190334
747187637
830193607
529178951
487179072
365191506
528181456
528177587
529174314
830183476
217186577
830182092
487193122
925186930
217191153
529184041
137191082
830183688
487179334
622174920
528175435
137193809
622185506
830191940
925192688
925187183
830180738
622193344
528183910
830193799
925192849
622182930
365186274
529184971
217181425
365188557
529184092
365182728
365193415
137184193
830178092
925179526
529190526
529190355
487186041
622175476
217184102
830192476
137193486
747185314
528178617
747181920
365177658
925192203
529189536
529189425
830193365
747190708
622186789
217185597
830174112
365185880
487179334
365188041
622186789
528181021
137182223
747180092
487183658
137190890
528191728
747190476
137179779
830182870
137179779
137188890
529189536
365193062
622183324
365177062
487180516
217189718
365189930
529179880
217188314
137180870
528185163
622186567
365180668
137188769
830192991
925176233
365184294
528177870
747185041
830187759
830192991
137188991
925179526
925178587
925180314
925176456
487176031
137182112
137185284
622190546
365176940
487178425
529184698
137192738
925191344
830177910
747190344
529175264
830182597
830182738
622174536
830182870
747185314
137175456
830192496
622178536
925182809
529189890
622175112
622180425
217180769
830183617
487190122
925182405
747178385
487176850
365175748
487175122
830182526
528187597
137174577
487189900
830176254
137177466
487181708
529192789
217177254
365187981
137185203
529180617
365187435
747192193
925182476
487176607
529179466
747190981
137180870
487187506
137191173
365189021
622176243
529189506
747183880
365189961
000000000
