20 100
86 183
115 177
135 193
92 186
21 49
27 162
59 90
126 163
26 140
136 172
168 11
29 167
130 182
123 62
135 67
2 129
58 22
167 69
56 193
42 11
20 100
173 29
119 21
137 184
124 198
170 115
126 13
180 91
73 156
170 62
81 196
125 105
127 84
105 136
129 46
57 113
95 124
145 182
167 14
164 34
150 43
20 100
8 87
178 76
184 188
51 3
199 154
60 132
168 76
12 139
186 26
139 94
170 195
178 34
1 67
102 97
92 117
156 52
80 101
41 86
89 65
19 44
20 100
129 40
117 31
171 97
75 81
127 109
56 167
153 97
165 186
83 106
24 19
71 128
29 132
19 103
168 70
115 108
149 140
123 196
45 18
51 46
155 121
20 100
88 179
28 164
150 41
100 193
164 34
114 124
56 187
91 143
165 27
136 59
151 32
28 37
7 75
121 74
195 58
37 29
193 35
28 18
11 143
129 128
20 100
4 176
163 43
138 13
40 6
18 104
88 128
117 169
196 117
143 124
183 70
99 90
125 172
190 44
139 105
186 154
82 69
64 142
107 197
4 155
11 148
20 100
28 22
143 99
168 146
22 140
10 111
1 5
130 61
105 78
136 120
26 44
65 122
16 108
58 82
37 124
24 62
36 0
99 52
150 179
71 68
131 173
20 100
130 81
94 133
163 60
181 199
196 99
173 159
68 13
95 190
66 126
140 84
84 90
142 176
107 136
156 45
18 179
12 87
172 148
9 59
10 136
187 142
20 100
101 6
172 113
55 121
199 19
104 121
11 139
67 140
28 105
150 127
58 184
24 120
69 22
81 196
84 30
172 92
50 72
185 25
99 22
42 40
113 98
20 100
190 98
190 124
181 9
136 19
155 132
4 194
169 179
176 73
55 50
142 60
84 179
5 193
167 21
13 104
154 161
59 126
2 144
106 2
21 184
68 42
20 100
189 128
108 72
98 158
8 36
48 153
133 103
48 133
154 90
146 167
129 168
46 100
197 188
190 49
33 103
97 163
92 53
125 86
196 152
188 175
129 157
20 100
60 36
121 14
104 60
27 28
148 50
102 156
97 194
43 99
2 39
3 28
81 100
138 47
151 159
134 135
92 139
127 15
29 104
164 49
29 85
135 143
20 100
100 177
171 38
89 149
188 167
195 92
144 143
190 29
140 82
169 141
32 26
42 61
117 160
161 23
109 81
25 190
167 196
34 77
26 90
57 124
168 14
20 100
158 5
186 112
146 100
194 126
152 116
129 178
90 146
170 47
80 51
193 31
27 57
86 112
155 14
90 112
79 12
169 10
74 189
41 155
33 20
88 187
20 100
166 138
84 170
17 56
60 6
37 49
59 5
118 17
183 145
58 73
37 73
83 89
78 7
114 157
129 71
59 100
38 18
188 25
33 74
81 157
158 93
20 100
99 70
39 17
163 169
194 22
47 173
62 31
190 82
191 92
115 57
157 121
91 174
151 147
21 31
140 137
30 54
125 98
116 81
2 116
139 31
4 196
20 100
180 138
21 18
62 170
179 12
85 177
104 136
83 176
159 7
144 57
111 99
150 127
160 36
105 18
49 163
111 44
134 5
175 91
14 155
168 189
118 193
20 100
82 5
182 22
30 117
174 93
193 126
53 86
74 143
113 14
177 179
175 162
119 88
132 110
17 94
35 146
91 137
143 153
128 173
91 125
18 110
36 17
20 100
55 163
58 90
104 130
61 171
85 33
73 189
51 4
50 5
103 68
6 85
39 195
120 149
26 167
77 163
181 196
160 65
155 36
118 170
142 11
196 132
20 100
121 179
184 70
27 172
40 34
72 83
30 198
147 63
30 150
114 173
122 59
124 47
35 82
4 32
43 154
86 98
78 40
62 159
83 62
48 41
124 123
20 100
122 72
135 154
57 21
147 165
176 171
18 69
103 101
133 53
159 107
6 128
120 197
108 84
98 134
176 191
115 98
171 52
159 189
10 106
24 16
139 109
20 100
178 0
53 109
114 81
189 138
67 26
23 147
31 187
122 132
75 81
179 50
54 190
131 150
57 13
181 94
3 81
33 120
181 182
15 87
25 96
122 4
20 100
151 92
32 97
181 134
15 106
108 57
199 195
97 162
176 83
177 154
187 109
182 132
66 21
60 163
11 82
86 85
130 85
183 190
76 114
20 116
125 92
20 100
39 128
90 125
160 136
43 18
128 137
21 182
155 110
25 88
170 15
53 37
122 8
150 183
97 57
126 27
71 69
149 51
128 110
198 39
10 88
177 193
20 100
176 90
152 199
87 131
99 177
166 57
17 152
135 41
98 168
195 184
5 176
28 66
128 154
193 108
197 78
72 155
45 174
125 0
83 197
127 12
21 182
20 100
134 93
134 39
159 21
157 185
161 154
172 162
116 141
50 52
82 62
17 199
173 154
106 15
164 51
63 190
172 91
137 37
28 59
80 71
56 187
141 190
20 100
152 170
111 65
117 69
83 161
112 151
106 100
67 38
89 164
154 32
75 104
141 79
138 12
36 169
156 170
160 44
14 49
114 65
86 126
39 183
135 169
20 100
21 152
190 193
109 89
73 31
135 64
95 148
113 77
198 33
155 149
193 155
156 68
133 160
86 23
158 171
140 77
181 45
190 161
50 123
154 100
164 75
20 100
24 42
119 59
44 89
38 69
176 151
19 183
143 133
156 104
75 181
11 66
112 167
129 192
68 102
2 131
7 174
16 118
177 183
72 87
157 173
125 62
20 100
197 133
18 96
153 141
74 126
193 180
148 85
30 105
159 29
160 98
24 162
80 119
102 41
80 10
183 126
140 189
123 108
157 138
31 93
20 110
90 105
20 100
191 13
70 38
67 21
71 29
143 180
99 95
88 24
186 154
32 169
110 169
30 173
63 33
79 187
49 94
151 99
64 139
130 142
115 86
115 149
81 186
20 100
34 11
187 133
87 122
43 173
142 119
44 154
139 124
63 59
153 18
69 112
4 105
199 133
19 134
35 115
53 87
50 69
2 87
162 37
10 89
160 5
20 100
111 104
29 157
16 3
21 92
5 122
179 43
128 161
47 178
45 100
187 82
151 99
186 189
26 153
194 148
106 36
92 107
64 17
20 121
166 80
154 194
20 100
37 123
84 133
112 117
17 131
165 109
8 156
145 69
22 195
95 171
159 169
76 1
171 52
125 140
172 143
89 91
166 127
12 78
196 50
133 124
186 13
20 100
170 99
168 194
141 115
39 142
63 37
190 198
2 139
31 113
57 128
171 4
83 146
25 138
140 95
172 21
34 26
125 158
152 156
72 45
139 46
83 111
20 100
61 3
142 25
139 16
144 174
130 196
94 67
157 13
60 119
92 50
76 32
190 79
35 153
198 95
141 107
170 137
140 176
1 184
0 83
9 92
40 96
20 100
163 139
104 135
6 73
123 164
149 51
130 151
104 139
186 165
25 102
191 79
7 147
131 84
119 161
53 131
27 128
19 94
181 143
168 123
39 187
38 43
20 100
194 188
80 120
86 98
152 18
98 63
10 95
179 105
66 142
25 98
178 72
166 53
148 197
72 147
86 116
159 112
100 77
197 153
3 132
151 35
98 107
20 100
154 49
106 61
3 134
184 125
197 28
33 163
160 115
14 181
97 185
97 100
129 8
113 149
34 79
114 116
175 185
186 165
26 130
16 92
169 29
9 152
20 100
115 166
33 195
176 28
13 47
100 26
186 62
163 29
108 100
16 197
182 175
140 144
26 120
165 118
99 194
146 134
53 108
103 62
42 86
134 32
10 7
20 100
69 34
15 196
96 184
182 124
51 65
161 116
37 143
61 187
181 2
88 160
20 79
93 141
28 124
108 135
142 162
196 70
66 163
100 11
87 115
132 34
20 100
150 90
33 93
80 139
93 94
54 13
44 182
123 75
151 138
73 151
65 11
81 168
83 13
177 99
14 135
169 64
107 146
191 72
11 140
187 23
36 57
20 100
39 193
20 81
171 114
18 171
134 196
164 83
97 167
67 0
135 74
90 33
132 57
129 149
90 123
147 92
149 29
22 135
168 140
55 43
166 139
136 25
20 100
60 53
20 52
4 157
183 87
121 140
197 26
127 5
128 78
170 169
198 27
163 120
60 21
16 83
23 67
92 182
35 111
163 153
62 8
95 168
60 198
20 100
176 168
173 9
87 103
73 54
81 57
129 23
44 196
80 142
9 12
147 55
166 54
159 134
142 81
1 173
171 38
158 13
22 99
155 84
90 61
71 180
20 100
3 123
120 0
142 0
12 152
7 104
158 159
94 125
158 117
90 36
26 160
173 14
65 137
21 148
9 20
0 63
186 32
33 4
156 58
10 127
31 168
20 100
128 169
46 141
58 174
10 5
165 101
67 189
126 90
38 132
105 99
162 0
32 57
61 148
7 17
97 169
138 169
139 128
70 18
192 185
142 80
133 154
20 100
143 107
150 0
85 21
120 188
140 190
47 34
183 125
94 61
30 142
63 191
120 120
138 154
92 142
22 130
85 34
94 108
108 180
2 44
184 145
87 122
20 100
157 125
2 135
148 92
186 96
40 130
51 49
156 112
54 189
72 48
82 28
88 157
137 176
20 197
94 139
14 5
82 182
69 123
15 36
84 17
99 153
20 100
154 124
36 150
92 110
158 42
23 164
121 41
169 111
60 10
102 190
147 155
89 116
39 181
17 158
175 6
111 101
178 74
177 65
176 166
161 69
33 134
20 100
127 136
199 106
116 97
39 60
167 170
86 186
167 8
166 77
35 136
37 93
119 146
12 167
134 96
117 140
74 95
31 150
8 2
51 30
42 125
47 90
20 100
76 161
169 134
163 195
131 135
180 151
97 120
88 100
196 61
1 174
69 114
16 28
182 52
82 25
102 33
123 77
190 149
35 151
146 160
47 199
102 29
20 100
149 28
128 199
13 189
163 76
190 166
194 184
36 159
184 176
9 71
100 38
139 84
35 90
50 175
126 181
162 50
78 28
179 64
53 158
34 144
111 169
20 100
105 177
136 57
34 142
165 72
110 195
32 65
107 49
176 67
1 158
160 102
82 163
27 38
196 14
158 33
154 30
7 69
127 59
1 95
167 113
60 118
20 100
135 29
31 92
112 43
153 7
62 113
28 113
151 96
110 56
41 99
81 69
90 195
54 89
136 169
82 8
126 104
133 95
187 14
57 164
124 51
164 10
20 100
123 138
34 193
1 26
125 145
166 194
189 6
47 56
26 195
3 184
40 60
155 82
48 173
90 95
146 105
67 166
104 63
8 190
168 90
35 161
155 93
20 100
51 1
10 144
91 51
35 188
48 47
81 75
0 156
51 129
34 42
160 149
164 101
43 64
155 172
133 11
56 142
96 40
136 59
110 58
46 28
75 97
20 100
124 94
50 156
85 125
119 53
155 71
124 80
96 119
44 167
130 3
146 129
170 186
45 194
52 58
86 108
5 98
144 113
21 130
7 147
0 58
129 78
20 100
158 107
179 53
172 7
10 175
104 102
40 108
102 26
85 86
146 106
4 123
37 151
33 101
48 10
69 192
71 0
108 150
156 181
188 87
62 128
183 151
20 100
59 118
145 23
61 114
172 182
57 7
111 129
30 94
57 144
137 78
78 126
28 160
141 186
25 184
65 82
33 39
158 48
23 44
110 55
189 85
44 83
20 100
12 46
93 155
100 42
120 150
28 189
149 150
137 56
41 42
124 114
154 58
58 109
154 64
119 81
118 16
99 60
106 163
118 63
105 199
101 170
111 177
20 100
128 129
186 12
55 17
83 179
189 179
89 37
53 47
80 195
11 124
184 199
114 111
126 43
42 184
107 32
161 96
25 18
31 41
10 163
94 86
17 94
20 100
83 35
82 58
53 137
13 115
114 17
80 198
41 180
164 6
38 35
131 23
42 152
145 109
24 25
63 156
2 71
106 80
91 85
174 189
56 144
161 188
20 100
138 170
102 41
48 179
166 18
42 38
142 50
159 84
61 88
196 135
6 124
156 198
35 113
54 47
144 162
102 110
32 57
51 40
171 86
104 99
89 89
20 100
139 146
182 184
72 50
186 43
119 68
18 192
57 76
75 53
15 63
125 19
77 69
109 109
195 80
131 32
122 100
46 20
156 13
64 29
24 28
48 50
20 100
194 144
172 18
72 4
67 47
19 39
109 193
54 48
128 170
155 50
150 59
31 29
42 148
177 188
168 106
108 154
98 169
187 103
107 70
69 11
3 126
20 100
71 40
88 64
186 126
176 16
27 141
122 78
26 59
199 165
23 4
158 167
88 132
187 8
30 76
39 94
172 51
92 42
106 44
122 180
149 93
186 98
20 100
176 128
187 109
26 2
158 138
58 49
181 68
28 146
174 120
14 58
62 14
56 139
135 154
134 115
160 57
107 35
164 146
55 83
37 103
42 33
83 148
20 100
168 100
46 16
137 149
159 21
187 103
42 21
175 43
110 177
186 62
97 70
17 93
128 61
117 24
58 166
66 159
59 93
109 186
135 57
30 46
102 95
20 100
116 17
13 96
74 92
106 123
194 60
106 3
17 163
139 34
152 134
93 149
42 18
5 104
113 104
102 92
187 144
161 4
101 56
148 126
50 127
139 54
20 100
9 196
111 45
80 26
112 2
152 32
3 157
61 146
50 160
52 127
71 153
157 40
48 184
111 10
137 148
154 113
61 77
74 163
142 124
126 154
139 54
20 100
164 78
25 142
102 177
104 27
180 154
146 175
160 90
100 194
142 23
88 190
19 96
12 149
25 93
48 154
160 151
182 187
129 124
102 159
186 183
137 6
20 100
134 167
9 36
30 46
69 109
51 125
173 157
58 70
164 185
139 83
186 164
103 52
176 168
127 32
167 30
37 66
33 104
92 171
17 194
55 75
0 38
20 100
147 107
177 173
159 157
192 93
57 50
102 178
147 160
144 31
61 26
92 111
168 98
21 77
71 60
87 190
180 79
186 87
13 79
36 163
9 124
174 28
20 100
159 66
27 29
60 58
84 171
35 73
124 129
158 3
15 145
88 182
61 103
142 68
100 47
162 155
31 136
117 171
38 158
187 76
134 17
140 199
72 170
20 100
51 127
82 196
94 10
192 98
153 182
2 53
52 47
155 54
191 14
138 186
144 60
88 128
145 83
34 22
144 37
165 107
55 196
6 47
97 149
83 150
20 100
3 2
50 38
92 55
21 5
191 35
95 111
39 88
123 183
157 136
126 158
65 102
50 91
90 120
22 8
158 188
190 57
95 161
168 40
197 140
175 141
20 100
53 141
29 23
158 44
133 152
110 116
170 59
150 127
0 172
180 40
180 174
31 138
99 171
163 79
19 19
112 161
54 146
169 117
162 83
187 128
196 95
20 100
154 50
129 166
138 56
96 129
55 118
8 29
0 87
118 107
78 115
28 137
35 190
108 82
117 5
85 22
69 57
107 81
199 23
79 36
118 89
7 127
20 100
156 173
12 15
74 108
176 130
19 104
46 156
39 55
12 106
128 108
165 97
130 197
172 72
61 129
18 3
83 131
56 177
144 191
52 69
151 170
26 28
20 100
184 123
130 72
179 175
84 94
191 59
9 49
74 73
2 181
137 135
66 172
101 20
11 74
143 45
167 15
43 47
122 193
17 180
107 4
98 196
8 191
20 100
193 89
162 17
150 67
154 116
40 87
59 172
46 141
138 23
38 142
189 105
50 82
14 63
67 67
16 121
65 165
6 24
41 58
125 120
188 191
31 79
20 100
51 28
169 90
113 97
191 59
116 152
186 132
195 166
185 0
73 14
179 1
177 138
196 137
57 18
162 73
104 45
25 193
35 107
5 146
5 149
53 148
20 100
81 73
39 39
191 76
91 177
130 64
155 22
160 108
126 151
177 169
15 40
33 81
189 192
139 69
170 146
94 96
170 23
14 175
4 161
138 5
21 95
20 100
69 69
177 176
80 29
199 55
96 57
138 166
158 81
102 79
25 49
146 24
47 72
47 116
77 61
18 51
98 16
37 40
16 168
149 166
21 96
105 148
20 100
66 69
151 196
75 177
26 5
30 53
125 172
88 29
43 172
176 118
86 61
101 26
194 123
89 70
118 96
196 62
132 24
20 63
40 35
192 47
100 18
20 100
143 22
4 25
150 183
101 47
108 78
104 187
62 162
32 51
147 151
166 102
126 143
158 50
37 98
98 150
169 29
4 198
176 112
47 8
55 78
108 149
20 100
136 163
77 164
15 151
54 109
12 114
10 20
70 90
141 168
71 107
89 39
189 40
104 93
53 117
147 151
52 108
23 55
172 141
92 101
162 139
54 146
20 100
119 126
169 16
184 189
49 110
101 55
47 90
183 42
112 103
7 188
96 11
19 11
152 71
124 191
130 196
143 87
165 136
152 62
3 134
196 89
96 4
20 100
94 97
92 96
199 29
17 156
167 158
122 65
137 186
177 74
71 61
100 108
196 166
180 66
0 149
38 135
140 197
46 134
30 186
16 90
46 182
92 185
20 100
51 14
152 14
41 140
153 130
190 64
30 54
72 186
87 162
97 72
21 125
60 189
176 20
110 42
24 192
129 109
75 69
83 180
120 27
109 124
188 74
20 100
80 99
38 170
132 152
176 125
51 182
171 198
170 63
57 147
91 32
141 34
103 21
153 16
196 138
63 26
52 105
157 3
126 132
36 195
120 58
192 12
20 100
162 123
138 164
63 132
165 148
182 107
128 58
27 37
175 33
59 23
128 190
146 111
195 85
32 72
82 31
196 105
28 75
39 158
43 119
67 54
161 160
20 100
170 1
38 41
75 197
20 13
156 86
198 101
138 102
174 145
129 123
28 56
131 125
35 8
79 122
177 30
190 146
147 90
132 113
110 137
151 7
93 83
20 100
136 107
9 43
189 26
149 135
191 118
195 177
138 123
197 30
13 17
116 174
65 155
68 15
153 149
156 179
14 56
115 1
197 150
176 76
11 138
8 126
20 100
55 2
77 3
185 193
11 75
1 198
106 127
142 18
167 174
153 47
103 123
77 167
69 18
94 26
164 46
124 105
60 172
127 179
125 137
164 64
15 136
20 100
15 166
184 121
95 109
157 152
27 1
120 60
31 56
82 190
188 125
183 46
170 112
91 43
132 49
66 16
104 97
63 81
154 71
181 199
151 1
2 90
20 100
102 131
187 75
65 133
11 70
68 5
117 146
189 191
192 160
129 73
170 58
91 33
57 185
137 197
199 190
80 88
171 153
28 134
20 159
181 45
50 183
20 100
129 1
192 119
80 70
143 137
147 9
194 66
3 39
188 3
193 140
181 187
141 25
112 152
63 121
167 132
115 44
46 169
89 44
114 190
127 121
130 9
20 100
75 75
66 76
80 31
171 54
42 25
3 104
57 135
56 115
47 72
117 175
145 114
158 163
153 186
107 24
33 81
108 189
17 61
92 174
28 49
75 15
0 0
