20 150
86 183
115 177
135 193
92 186
21 49
27 162
59 90
126 163
26 140
136 172
168 11
29 167
130 182
123 62
135 67
2 129
58 22
167 69
56 193
42 11
20 150
173 29
119 21
137 184
124 198
170 115
126 13
180 91
73 156
170 62
81 196
125 105
127 84
105 136
129 46
57 113
95 124
145 182
167 14
164 34
150 43
20 150
8 87
178 76
184 188
51 3
199 154
60 132
168 76
12 139
186 26
139 94
170 195
178 34
1 67
102 97
92 117
156 52
80 101
41 86
89 65
19 44
20 150
129 40
117 31
171 97
75 81
127 109
56 167
153 97
165 186
83 106
24 19
71 128
29 132
19 103
168 70
115 108
149 140
123 196
45 18
51 46
155 121
20 150
88 179
28 164
150 41
100 193
164 34
114 124
56 187
91 143
165 27
136 59
151 32
28 37
7 75
121 74
195 58
37 29
193 35
28 18
11 143
129 128
20 150
4 176
163 43
138 13
40 6
18 104
88 128
117 169
196 117
143 124
183 70
99 90
125 172
190 44
139 105
186 154
82 69
64 142
107 197
4 155
11 148
20 150
28 22
143 99
168 146
22 140
10 111
1 5
130 61
105 78
136 120
26 44
65 122
16 108
58 82
37 124
24 62
36 0
99 52
150 179
71 68
131 173
20 150
130 81
94 133
163 60
181 199
196 99
173 159
68 13
95 190
66 126
140 84
84 90
142 176
107 136
156 45
18 179
12 87
172 148
9 59
10 136
187 142
20 150
101 6
172 113
55 121
199 19
104 121
11 139
67 140
28 105
150 127
58 184
24 120
69 22
81 196
84 30
172 92
50 72
185 25
99 22
42 40
113 98
20 150
190 98
190 124
181 9
136 19
155 132
4 194
169 179
176 73
55 50
142 60
84 179
5 193
167 21
13 104
154 161
59 126
2 144
106 2
21 184
68 42
20 150
189 128
108 72
98 158
8 36
48 153
133 103
48 133
154 90
146 167
129 168
46 100
197 188
190 49
33 103
97 163
92 53
125 86
196 152
188 175
129 157
20 150
60 36
121 14
104 60
27 28
148 50
102 156
97 194
43 99
2 39
3 28
81 100
138 47
151 159
134 135
92 139
127 15
29 104
164 49
29 85
135 143
20 150
100 177
171 38
89 149
188 167
195 92
144 143
190 29
140 82
169 141
32 26
42 61
117 160
161 23
109 81
25 190
167 196
34 77
26 90
57 124
168 14
20 150
158 5
186 112
146 100
194 126
152 116
129 178
90 146
170 47
80 51
193 31
27 57
86 112
155 14
90 112
79 12
169 10
74 189
41 155
33 20
88 187
20 150
166 138
84 170
17 56
60 6
37 49
59 5
118 17
183 145
58 73
37 73
83 89
78 7
114 157
129 71
59 100
38 18
188 25
33 74
81 157
158 93
20 150
99 70
39 17
163 169
194 22
47 173
62 31
190 82
191 92
115 57
157 121
91 174
151 147
21 31
140 137
30 54
125 98
116 81
2 116
139 31
4 196
20 150
180 138
21 18
62 170
179 12
85 177
104 136
83 176
159 7
144 57
111 99
150 127
160 36
105 18
49 163
111 44
134 5
175 91
14 155
168 189
118 193
20 150
82 5
182 22
30 117
174 93
193 126
53 86
74 143
113 14
177 179
175 162
119 88
132 110
17 94
35 146
91 137
143 153
128 173
91 125
18 110
36 17
20 150
55 163
58 90
104 130
61 171
85 33
73 189
51 4
50 5
103 68
6 85
39 195
120 149
26 167
77 163
181 196
160 65
155 36
118 170
142 11
196 132
20 150
121 179
184 70
27 172
40 34
72 83
30 198
147 63
30 150
114 173
122 59
124 47
35 82
4 32
43 154
86 98
78 40
62 159
83 62
48 41
124 123
20 150
122 72
135 154
57 21
147 165
176 171
18 69
103 101
133 53
159 107
6 128
120 197
108 84
98 134
176 191
115 98
171 52
159 189
10 106
24 16
139 109
20 150
178 0
53 109
114 81
189 138
67 26
23 147
31 187
122 132
75 81
179 50
54 190
131 150
57 13
181 94
3 81
33 120
181 182
15 87
25 96
122 4
20 150
151 92
32 97
181 134
15 106
108 57
199 195
97 162
176 83
177 154
187 109
182 132
66 21
60 163
11 82
86 85
130 85
183 190
76 114
20 116
125 92
20 150
39 128
90 125
160 136
43 18
128 137
21 182
155 110
25 88
170 15
53 37
122 8
150 183
97 57
126 27
71 69
149 51
128 110
198 39
10 88
177 193
20 150
176 90
152 199
87 131
99 177
166 57
17 152
135 41
98 168
195 184
5 176
28 66
128 154
193 108
197 78
72 155
45 174
125 0
83 197
127 12
21 182
20 150
134 93
134 39
159 21
157 185
161 154
172 162
116 141
50 52
82 62
17 199
173 154
106 15
164 51
63 190
172 91
137 37
28 59
80 71
56 187
141 190
20 150
152 170
111 65
117 69
83 161
112 151
106 100
67 38
89 164
154 32
75 104
141 79
138 12
36 169
156 170
160 44
14 49
114 65
86 126
39 183
135 169
20 150
21 152
190 193
109 89
73 31
135 64
95 148
113 77
198 33
155 149
193 155
156 68
133 160
86 23
158 171
140 77
181 45
190 161
50 123
154 100
164 75
20 150
24 42
119 59
44 89
38 69
176 151
19 183
143 133
156 104
75 181
11 66
112 167
129 192
68 102
2 131
7 174
16 118
177 183
72 87
157 173
125 62
20 150
197 133
18 96
153 141
74 126
193 180
148 85
30 105
159 29
160 98
24 162
80 119
102 41
80 10
183 126
140 189
123 108
157 138
31 93
20 110
90 105
20 150
191 13
70 38
67 21
71 29
143 180
99 95
88 24
186 154
32 169
110 169
30 173
63 33
79 187
49 94
151 99
64 139
130 142
115 86
115 149
81 186
20 150
34 11
187 133
87 122
43 173
142 119
44 154
139 124
63 59
153 18
69 112
4 105
199 133
19 134
35 115
53 87
50 69
2 87
162 37
10 89
160 5
20 150
111 104
29 157
16 3
21 92
5 122
179 43
128 161
47 178
45 100
187 82
151 99
186 189
26 153
194 148
106 36
92 107
64 17
20 121
166 80
154 194
20 150
37 123
84 133
112 117
17 131
165 109
8 156
145 69
22 195
95 171
159 169
76 1
171 52
125 140
172 143
89 91
166 127
12 78
196 50
133 124
186 13
20 150
170 99
168 194
141 115
39 142
63 37
190 198
2 139
31 113
57 128
171 4
83 146
25 138
140 95
172 21
34 26
125 158
152 156
72 45
139 46
83 111
20 150
61 3
142 25
139 16
144 174
130 196
94 67
157 13
60 119
92 50
76 32
190 79
35 153
198 95
141 107
170 137
140 176
1 184
0 83
9 92
40 96
20 150
163 139
104 135
6 73
123 164
149 51
130 151
104 139
186 165
25 102
191 79
7 147
131 84
119 161
53 131
27 128
19 94
181 143
168 123
39 187
38 43
20 150
194 188
80 120
86 98
152 18
98 63
10 95
179 105
66 142
25 98
178 72
166 53
148 197
72 147
86 116
159 112
100 77
197 153
3 132
151 35
98 107
20 150
154 49
106 61
3 134
184 125
197 28
33 163
160 115
14 181
97 185
97 100
129 8
113 149
34 79
114 116
175 185
186 165
26 130
16 92
169 29
9 152
20 150
115 166
33 195
176 28
13 47
100 26
186 62
163 29
108 100
16 197
182 175
140 144
26 120
165 118
99 194
146 134
53 108
103 62
42 86
134 32
10 7
20 150
69 34
15 196
96 184
182 124
51 65
161 116
37 143
61 187
181 2
88 160
20 79
93 141
28 124
108 135
142 162
196 70
66 163
100 11
87 115
132 34
20 150
150 90
33 93
80 139
93 94
54 13
44 182
123 75
151 138
73 151
65 11
81 168
83 13
177 99
14 135
169 64
107 146
191 72
11 140
187 23
36 57
20 150
39 193
20 81
171 114
18 171
134 196
164 83
97 167
67 0
135 74
90 33
132 57
129 149
90 123
147 92
149 29
22 135
168 140
55 43
166 139
136 25
20 150
60 53
20 52
4 157
183 87
121 140
197 26
127 5
128 78
170 169
198 27
163 120
60 21
16 83
23 67
92 182
35 111
163 153
62 8
95 168
60 198
20 150
176 168
173 9
87 103
73 54
81 57
129 23
44 196
80 142
9 12
147 55
166 54
159 134
142 81
1 173
171 38
158 13
22 99
155 84
90 61
71 180
20 150
3 123
120 0
142 0
12 152
7 104
158 159
94 125
158 117
90 36
26 160
173 14
65 137
21 148
9 20
0 63
186 32
33 4
156 58
10 127
31 168
20 150
128 169
46 141
58 174
10 5
165 101
67 189
126 90
38 132
105 99
162 0
32 57
61 148
7 17
97 169
138 169
139 128
70 18
192 185
142 80
133 154
20 150
143 107
150 0
85 21
120 188
140 190
47 34
183 125
94 61
30 142
63 191
120 120
138 154
92 142
22 130
85 34
94 108
108 180
2 44
184 145
87 122
20 150
157 125
2 135
148 92
186 96
40 130
51 49
156 112
54 189
72 48
82 28
88 157
137 176
20 197
94 139
14 5
82 182
69 123
15 36
84 17
99 153
20 150
154 124
36 150
92 110
158 42
23 164
121 41
169 111
60 10
102 190
147 155
89 116
39 181
17 158
175 6
111 101
178 74
177 65
176 166
161 69
33 134
20 150
127 136
199 106
116 97
39 60
167 170
86 186
167 8
166 77
35 136
37 93
119 146
12 167
134 96
117 140
74 95
31 150
8 2
51 30
42 125
47 90
20 150
76 161
169 134
163 195
131 135
180 151
97 120
88 100
196 61
1 174
69 114
16 28
182 52
82 25
102 33
123 77
190 149
35 151
146 160
47 199
102 29
20 150
149 28
128 199
13 189
163 76
190 166
194 184
36 159
184 176
9 71
100 38
139 84
35 90
50 175
126 181
162 50
78 28
179 64
53 158
34 144
111 169
20 150
105 177
136 57
34 142
165 72
110 195
32 65
107 49
176 67
1 158
160 102
82 163
27 38
196 14
158 33
154 30
7 69
127 59
1 95
167 113
60 118
20 150
135 29
31 92
112 43
153 7
62 113
28 113
151 96
110 56
41 99
81 69
90 195
54 89
136 169
82 8
126 104
133 95
187 14
57 164
124 51
164 10
20 150
123 138
34 193
1 26
125 145
166 194
189 6
47 56
26 195
3 184
40 60
155 82
48 173
90 95
146 105
67 166
104 63
8 190
168 90
35 161
155 93
20 150
51 1
10 144
91 51
35 188
48 47
81 75
0 156
51 129
34 42
160 149
164 101
43 64
155 172
133 11
56 142
96 40
136 59
110 58
46 28
75 97
20 150
124 94
50 156
85 125
119 53
155 71
124 80
96 119
44 167
130 3
146 129
170 186
45 194
52 58
86 108
5 98
144 113
21 130
7 147
0 58
129 78
20 150
158 107
179 53
172 7
10 175
104 102
40 108
102 26
85 86
146 106
4 123
37 151
33 101
48 10
69 192
71 0
108 150
156 181
188 87
62 128
183 151
20 150
59 118
145 23
61 114
172 182
57 7
111 129
30 94
57 144
137 78
78 126
28 160
141 186
25 184
65 82
33 39
158 48
23 44
110 55
189 85
44 83
20 150
12 46
93 155
100 42
120 150
28 189
149 150
137 56
41 42
124 114
154 58
58 109
154 64
119 81
118 16
99 60
106 163
118 63
105 199
101 170
111 177
20 150
128 129
186 12
55 17
83 179
189 179
89 37
53 47
80 195
11 124
184 199
114 111
126 43
42 184
107 32
161 96
25 18
31 41
10 163
94 86
17 94
20 150
83 35
82 58
53 137
13 115
114 17
80 198
41 180
164 6
38 35
131 23
42 152
145 109
24 25
63 156
2 71
106 80
91 85
174 189
56 144
161 188
20 150
138 170
102 41
48 179
166 18
42 38
142 50
159 84
61 88
196 135
6 124
156 198
35 113
54 47
144 162
102 110
32 57
51 40
171 86
104 99
89 89
20 150
139 146
182 184
72 50
186 43
119 68
18 192
57 76
75 53
15 63
125 19
77 69
109 109
195 80
131 32
122 100
46 20
156 13
64 29
24 28
48 50
20 150
194 144
172 18
72 4
67 47
19 39
109 193
54 48
128 170
155 50
150 59
31 29
42 148
177 188
168 106
108 154
98 169
187 103
107 70
69 11
3 126
20 150
71 40
88 64
186 126
176 16
27 141
122 78
26 59
199 165
23 4
158 167
88 132
187 8
30 76
39 94
172 51
92 42
106 44
122 180
149 93
186 98
20 150
176 128
187 109
26 2
158 138
58 49
181 68
28 146
174 120
14 58
62 14
56 139
135 154
134 115
160 57
107 35
164 146
55 83
37 103
42 33
83 148
20 150
168 100
46 16
137 149
159 21
187 103
42 21
175 43
110 177
186 62
97 70
17 93
128 61
117 24
58 166
66 159
59 93
109 186
135 57
30 46
102 95
20 150
116 17
13 96
74 92
106 123
194 60
106 3
17 163
139 34
152 134
93 149
42 18
5 104
113 104
102 92
187 144
161 4
101 56
148 126
50 127
139 54
20 150
9 196
111 45
80 26
112 2
152 32
3 157
61 146
50 160
52 127
71 153
157 40
48 184
111 10
137 148
154 113
61 77
74 163
142 124
126 154
139 54
20 150
164 78
25 142
102 177
104 27
180 154
146 175
160 90
100 194
142 23
88 190
19 96
12 149
25 93
48 154
160 151
182 187
129 124
102 159
186 183
137 6
20 150
134 167
9 36
30 46
69 109
51 125
173 157
58 70
164 185
139 83
186 164
103 52
176 168
127 32
167 30
37 66
33 104
92 171
17 194
55 75
0 38
20 150
147 107
177 173
159 157
192 93
57 50
102 178
147 160
144 31
61 26
92 111
168 98
21 77
71 60
87 190
180 79
186 87
13 79
36 163
9 124
174 28
20 150
159 66
27 29
60 58
84 171
35 73
124 129
158 3
15 145
88 182
61 103
142 68
100 47
162 155
31 136
117 171
38 158
187 76
134 17
140 199
72 170
20 150
51 127
82 196
94 10
192 98
153 182
2 53
52 47
155 54
191 14
138 186
144 60
88 128
145 83
34 22
144 37
165 107
55 196
6 47
97 149
83 150
20 150
3 2
50 38
92 55
21 5
191 35
95 111
39 88
123 183
157 136
126 158
65 102
50 91
90 120
22 8
158 188
190 57
95 161
168 40
197 140
175 141
20 150
53 141
29 23
158 44
133 152
110 116
170 59
150 127
0 172
180 40
180 174
31 138
99 171
163 79
19 19
112 161
54 146
169 117
162 83
187 128
196 95
20 150
154 50
129 166
138 56
96 129
55 118
8 29
0 87
118 107
78 115
28 137
35 190
108 82
117 5
85 22
69 57
107 81
199 23
79 36
118 89
7 127
20 150
156 173
12 15
74 108
176 130
19 104
46 156
39 55
12 106
128 108
165 97
130 197
172 72
61 129
18 3
83 131
56 177
144 191
52 69
151 170
26 28
20 150
184 123
130 72
179 175
84 94
191 59
9 49
74 73
2 181
137 135
66 172
101 20
11 74
143 45
167 15
43 47
122 193
17 180
107 4
98 196
8 191
20 150
193 89
162 17
150 67
154 116
40 87
59 172
46 141
138 23
38 142
189 105
50 82
14 63
67 67
16 121
65 165
6 24
41 58
125 120
188 191
31 79
20 150
51 28
169 90
113 97
191 59
116 152
186 132
195 166
185 0
73 14
179 1
177 138
196 137
57 18
162 73
104 45
25 193
35 107
5 146
5 149
53 148
20 150
81 73
39 39
191 76
91 177
130 64
155 22
160 108
126 151
177 169
15 40
33 81
189 192
139 69
170 146
94 96
170 23
14 175
4 161
138 5
21 95
20 150
69 69
177 176
80 29
199 55
96 57
138 166
158 81
102 79
25 49
146 24
47 72
47 116
77 61
18 51
98 16
37 40
16 168
149 166
21 96
105 148
20 150
66 69
151 196
75 177
26 5
30 53
125 172
88 29
43 172
176 118
86 61
101 26
194 123
89 70
118 96
196 62
132 24
20 63
40 35
192 47
100 18
20 150
143 22
4 25
150 183
101 47
108 78
104 187
62 162
32 51
147 151
166 102
126 143
158 50
37 98
98 150
169 29
4 198
176 112
47 8
55 78
108 149
20 150
136 163
77 164
15 151
54 109
12 114
10 20
70 90
141 168
71 107
89 39
189 40
104 93
53 117
147 151
52 108
23 55
172 141
92 101
162 139
54 146
20 150
119 126
169 16
184 189
49 110
101 55
47 90
183 42
112 103
7 188
96 11
19 11
152 71
124 191
130 196
143 87
165 136
152 62
3 134
196 89
96 4
20 150
94 97
92 96
199 29
17 156
167 158
122 65
137 186
177 74
71 61
100 108
196 166
180 66
0 149
38 135
140 197
46 134
30 186
16 90
46 182
92 185
20 150
51 14
152 14
41 140
153 130
190 64
30 54
72 186
87 162
97 72
21 125
60 189
176 20
110 42
24 192
129 109
75 69
83 180
120 27
109 124
188 74
20 150
80 99
38 170
132 152
176 125
51 182
171 198
170 63
57 147
91 32
141 34
103 21
153 16
196 138
63 26
52 105
157 3
126 132
36 195
120 58
192 12
20 150
162 123
138 164
63 132
165 148
182 107
128 58
27 37
175 33
59 23
128 190
146 111
195 85
32 72
82 31
196 105
28 75
39 158
43 119
67 54
161 160
20 150
170 1
38 41
75 197
20 13
156 86
198 101
138 102
174 145
129 123
28 56
131 125
35 8
79 122
177 30
190 146
147 90
132 113
110 137
151 7
93 83
20 150
136 107
9 43
189 26
149 135
191 118
195 177
138 123
197 30
13 17
116 174
65 155
68 15
153 149
156 179
14 56
115 1
197 150
176 76
11 138
8 126
20 150
55 2
77 3
185 193
11 75
1 198
106 127
142 18
167 174
153 47
103 123
77 167
69 18
94 26
164 46
124 105
60 172
127 179
125 137
164 64
15 136
20 150
15 166
184 121
95 109
157 152
27 1
120 60
31 56
82 190
188 125
183 46
170 112
91 43
132 49
66 16
104 97
63 81
154 71
181 199
151 1
2 90
20 150
102 131
187 75
65 133
11 70
68 5
117 146
189 191
192 160
129 73
170 58
91 33
57 185
137 197
199 190
80 88
171 153
28 134
20 159
181 45
50 183
20 150
129 1
192 119
80 70
143 137
147 9
194 66
3 39
188 3
193 140
181 187
141 25
112 152
63 121
167 132
115 44
46 169
89 44
114 190
127 121
130 9
20 150
75 75
66 76
80 31
171 54
42 25
3 104
57 135
56 115
47 72
117 175
145 114
158 163
153 186
107 24
33 81
108 189
17 61
92 174
28 49
75 15
20 150
72 22
157 30
145 81
153 166
141 192
58 70
185 38
24 16
192 139
172 83
72 177
38 32
6 42
91 82
50 186
9 118
148 122
155 118
84 45
189 108
20 150
179 178
16 47
15 164
55 193
76 7
185 179
11 101
95 175
10 169
156 186
57 12
86 117
35 157
3 41
149 72
50 192
40 80
197 18
11 55
15 4
20 150
184 40
93 0
127 147
117 188
174 137
101 73
190 183
141 187
28 177
1 96
88 130
10 3
22 80
136 159
164 185
177 103
55 100
47 70
58 182
72 164
20 150
37 185
168 173
161 179
109 61
157 189
119 110
66 46
78 82
41 88
25 166
69 157
57 3
25 124
107 105
69 84
69 131
104 59
190 189
51 65
7 51
20 150
162 8
6 78
160 28
68 85
51 154
111 45
0 121
45 169
26 26
62 104
35 95
106 131
120 140
157 49
100 123
132 116
195 14
42 90
175 107
13 62
20 150
60 179
100 77
46 60
38 97
154 24
71 100
31 189
81 178
179 104
27 191
107 79
94 111
2 54
114 88
103 129
108 79
156 163
175 160
10 154
178 14
20 150
114 164
153 50
180 98
154 187
178 159
38 133
45 37
44 84
173 199
128 158
37 28
191 189
149 146
100 118
132 159
123 79
129 199
97 29
16 109
20 3
20 150
136 146
183 58
95 133
132 27
137 20
48 13
2 127
73 191
109 103
63 125
4 42
193 138
119 85
146 42
45 87
33 166
177 181
115 169
148 72
92 199
20 150
12 38
165 140
131 14
70 190
115 192
186 133
23 72
157 179
21 95
182 104
22 18
152 168
89 199
71 19
18 189
27 115
55 183
149 144
134 138
83 19
20 150
104 2
74 69
49 128
23 183
39 22
193 157
125 62
13 145
164 166
156 37
152 134
117 183
80 160
50 67
86 166
168 133
3 191
71 194
178 4
178 46
20 150
155 17
79 171
68 33
199 93
82 184
119 155
91 34
194 188
7 171
89 197
130 94
37 58
4 85
89 60
58 182
0 20
191 13
46 31
76 12
196 46
20 150
153 158
145 67
56 44
167 91
88 63
109 9
19 19
56 98
158 23
6 98
118 16
182 158
141 61
73 28
26 18
128 70
137 180
176 73
165 145
9 96
20 150
105 53
24 70
169 124
147 33
131 127
96 105
63 49
110 78
58 157
175 136
158 85
65 103
129 47
193 41
137 94
99 154
24 194
118 76
109 145
25 18
20 150
123 192
41 121
151 139
96 103
191 9
94 23
78 149
197 111
153 159
53 190
96 42
189 105
133 72
18 107
77 194
186 43
116 153
92 179
82 67
28 140
20 150
115 74
175 123
34 145
105 172
114 139
134 110
15 10
35 123
182 100
94 53
96 60
13 32
11 12
31 57
149 94
120 59
134 16
161 95
20 121
12 66
20 150
177 86
49 146
21 144
45 84
137 156
16 91
124 185
149 181
190 87
181 180
191 91
107 53
101 126
47 68
87 73
159 11
110 64
160 8
44 131
87 157
20 150
49 133
118 55
188 125
12 67
199 178
69 146
151 191
69 128
197 4
77 68
79 84
100 189
149 189
73 60
18 194
127 112
120 19
96 46
65 108
39 60
20 150
6 17
8 60
189 110
114 29
97 138
174 192
181 128
118 74
86 130
76 143
55 56
27 4
2 127
36 75
136 19
36 27
87 94
4 44
73 76
166 119
20 150
63 122
51 140
166 196
78 121
64 5
61 155
111 71
199 41
116 113
132 187
14 4
99 121
165 101
130 55
126 191
65 96
37 189
137 116
189 3
8 16
20 150
123 5
77 22
15 186
51 28
15 83
88 183
56 29
82 139
194 22
165 12
109 121
62 182
51 146
101 0
168 40
46 62
36 43
29 75
103 3
86 80
20 150
15 118
99 126
65 72
46 181
194 60
181 163
145 55
153 43
195 196
189 54
68 163
158 35
110 56
59 187
67 165
83 146
72 83
107 134
115 138
150 153
20 150
116 109
164 83
78 61
10 69
124 74
189 199
34 144
1 148
135 96
61 60
158 155
190 96
30 31
121 97
50 97
159 23
106 118
131 75
145 184
10 141
20 150
140 69
165 0
100 126
174 166
27 35
142 187
83 137
168 132
29 65
163 41
64 31
149 122
149 170
107 81
22 94
115 117
117 115
193 81
47 17
5 168
20 150
155 26
164 147
32 191
56 84
78 61
45 171
45 142
65 194
27 195
89 172
89 2
117 5
86 159
128 110
30 85
64 85
185 186
177 180
64 17
30 185
20 150
109 142
37 75
22 154
101 102
26 49
51 191
148 67
26 120
183 186
71 107
192 13
151 87
67 129
146 80
66 132
26 177
4 127
81 63
117 26
28 135
20 150
78 143
11 31
104 26
12 189
96 87
52 35
75 41
170 4
84 142
74 117
46 102
29 53
116 50
29 63
198 186
129 57
88 76
54 140
130 192
31 18
20 150
5 178
19 84
40 80
23 142
59 76
131 49
102 57
59 160
175 171
157 88
145 173
1 38
131 186
130 55
73 13
191 162
198 79
159 163
105 190
66 182
20 150
184 116
173 197
110 86
9 184
73 85
11 118
157 170
108 12
68 88
101 39
153 93
124 44
159 151
93 84
18 64
132 159
109 2
41 57
42 19
56 2
20 150
121 115
37 67
32 30
118 146
185 52
145 171
167 90
41 70
106 127
143 86
45 76
79 76
85 106
77 72
74 127
194 86
153 147
177 32
130 137
189 47
20 150
170 115
5 87
109 138
17 198
84 15
91 112
140 81
140 122
146 26
105 17
55 21
168 100
84 9
98 98
145 14
81 88
127 116
6 38
188 36
3 175
20 150
87 24
57 46
169 28
54 197
167 67
88 111
11 22
183 9
107 47
13 82
122 4
120 94
84 1
37 78
53 72
96 192
38 141
121 154
151 159
27 127
20 150
38 70
93 67
28 2
49 28
110 135
92 15
109 184
185 164
43 146
18 174
166 48
141 115
21 157
68 62
141 124
195 95
115 180
182 40
68 143
31 183
20 150
198 131
67 123
39 60
6 53
27 82
131 24
91 146
103 24
87 64
189 123
171 28
160 136
176 86
181 142
78 196
79 164
39 76
136 147
152 79
161 94
20 150
119 131
77 44
69 162
27 132
56 108
88 168
104 27
65 49
143 32
180 46
11 173
50 60
159 50
129 138
33 111
194 43
39 104
18 24
156 60
168 197
20 150
165 164
143 9
58 69
101 160
159 153
127 34
46 122
124 129
19 5
68 54
49 4
60 62
86 40
101 79
76 195
111 69
30 42
63 7
167 40
194 117
20 150
151 78
0 73
2 197
2 125
131 173
178 22
36 180
20 38
117 123
70 121
143 146
140 133
140 125
166 3
120 60
138 112
185 23
20 139
16 139
112 174
20 150
196 147
127 90
81 185
60 99
173 150
96 130
15 68
193 36
192 156
168 111
23 64
88 58
149 8
99 108
35 165
112 164
54 183
168 191
43 87
38 28
20 150
110 16
36 134
123 126
34 181
93 115
179 2
60 116
77 67
128 162
127 176
140 163
98 40
31 147
34 67
95 74
42 24
159 158
84 30
12 34
149 118
20 150
72 57
173 80
100 84
46 2
131 180
95 174
166 23
122 193
60 197
24 157
181 108
66 18
49 92
126 102
172 13
70 27
60 44
128 195
150 160
140 127
20 150
53 81
104 187
180 19
168 27
136 193
53 144
163 69
114 71
173 164
129 192
20 145
141 151
98 80
192 21
148 48
129 84
71 1
172 186
165 3
196 141
20 150
85 53
74 49
72 0
164 188
181 45
142 93
196 153
185 83
57 95
143 177
61 5
159 25
163 84
87 131
24 128
133 36
37 110
110 7
196 110
107 27
20 150
72 129
34 2
37 69
164 19
148 94
52 107
132 161
45 11
94 95
175 84
120 119
29 108
68 158
20 91
118 64
145 127
129 191
12 179
150 167
61 176
20 150
83 98
59 65
76 168
15 104
140 123
42 143
3 61
19 23
66 71
87 39
118 185
128 32
163 48
167 140
68 113
163 180
46 103
71 22
78 74
197 39
20 150
182 19
32 39
14 137
9 51
42 81
18 96
81 112
112 98
190 44
110 79
12 58
113 25
48 10
84 185
176 78
49 82
73 110
47 81
84 40
73 56
20 150
153 78
191 91
141 186
182 103
135 131
141 44
70 147
157 54
191 70
148 193
75 119
29 198
79 101
93 77
85 116
194 166
57 190
176 185
89 150
33 159
20 150
3 176
123 126
132 73
143 32
25 124
43 44
194 53
106 25
54 25
141 199
165 139
130 136
121 174
124 58
169 162
138 109
35 173
198 13
45 167
43 94
20 150
90 23
28 87
64 84
109 134
85 118
57 51
187 2
176 139
198 60
23 52
161 119
92 161
175 148
115 43
89 172
147 159
198 179
15 175
61 62
132 124
20 150
127 146
148 189
81 66
127 76
80 31
150 150
63 193
141 195
190 190
115 9
168 79
10 62
190 118
180 25
101 51
198 112
53 181
47 98
127 86
117 174
20 150
76 7
1 20
15 92
82 94
103 5
36 149
12 23
141 198
175 2
5 73
137 28
9 3
54 191
77 57
183 181
140 147
167 60
152 93
140 134
91 186
20 150
136 43
67 127
125 100
54 160
34 52
80 59
15 171
114 90
99 21
154 144
91 82
142 94
140 10
144 46
185 80
75 35
114 73
173 142
55 191
43 27
20 150
38 89
60 123
165 53
26 127
71 64
147 180
75 162
172 41
40 167
47 68
103 25
98 122
17 169
160 23
2 72
113 155
78 40
46 125
52 196
60 72
20 150
53 123
37 7
1 80
47 161
29 41
66 46
120 84
53 116
139 89
113 165
120 141
181 26
104 151
147 179
52 156
32 7
167 57
89 69
31 168
9 136
20 150
134 60
97 27
143 54
144 150
68 82
23 57
36 188
91 156
136 140
96 38
198 140
197 128
150 165
133 38
126 181
193 94
121 60
66 90
193 64
98 10
20 150
20 61
1 121
29 8
148 93
131 165
57 196
77 129
46 6
44 27
160 131
25 170
30 153
44 98
114 49
11 189
50 12
85 31
39 3
96 115
32 139
20 150
136 180
61 42
48 13
192 108
191 93
15 152
105 17
67 198
47 101
90 134
146 58
42 92
96 184
51 33
173 144
124 35
77 109
74 186
46 126
171 66
20 150
18 189
158 186
136 123
177 26
160 183
194 67
112 58
42 36
69 8
152 45
81 42
103 29
167 158
36 177
195 165
154 7
146 13
89 113
139 82
18 66
20 150
85 51
109 12
0 149
157 104
149 69
64 62
91 30
141 119
49 10
175 177
137 44
10 129
42 35
69 99
117 133
184 87
51 154
104 46
150 51
73 13
20 150
75 51
34 137
56 118
128 175
104 105
102 103
185 41
76 112
11 27
113 98
185 80
186 97
95 189
40 90
56 45
97 113
2 83
2 131
58 59
116 82
20 150
138 162
4 18
130 123
102 32
82 93
125 15
65 68
57 64
106 160
6 49
115 162
46 55
138 117
176 0
82 196
110 45
15 20
143 66
51 98
143 46
20 150
61 133
1 21
85 78
39 10
12 191
154 197
52 127
44 0
0 142
90 173
170 34
55 0
67 185
83 150
196 118
51 179
0 10
88 5
167 85
76 79
20 150
76 179
58 182
134 128
22 103
28 86
121 112
113 198
135 176
78 180
98 171
150 75
37 101
106 150
187 77
157 26
5 15
198 33
114 16
119 132
19 136
20 150
49 99
49 92
20 162
94 184
155 98
125 144
45 57
7 162
192 104
130 146
162 149
134 87
103 160
44 48
137 174
73 15
107 138
52 122
59 127
26 146
20 150
42 14
24 151
66 87
143 183
130 58
159 73
113 92
4 93
94 16
191 48
16 31
169 16
91 123
3 173
119 150
116 181
84 113
0 140
124 150
160 96
20 150
121 54
98 119
165 34
51 102
102 59
42 194
10 118
194 163
136 53
3 197
178 7
120 120
12 62
165 72
168 136
142 125
197 42
76 40
94 162
173 79
20 150
25 197
67 167
130 188
41 61
10 18
25 45
117 140
3 97
169 129
66 120
197 90
132 8
1 146
60 160
40 95
44 33
0 17
5 112
125 82
100 47
20 150
44 136
76 77
174 161
90 31
103 144
186 108
69 101
199 118
78 70
165 60
45 70
88 10
122 46
80 45
92 199
87 181
10 88
49 116
147 185
81 92
20 150
152 3
56 67
137 21
91 55
115 15
38 57
67 161
159 78
123 141
92 39
172 168
56 180
96 135
120 58
102 195
198 1
20 54
76 54
62 157
172 167
20 150
176 177
90 162
40 195
88 1
193 116
84 181
161 165
100 92
102 57
4 172
125 4
59 3
9 145
102 87
54 71
1 27
141 183
178 43
45 182
50 67
20 150
48 38
155 134
178 161
170 8
180 81
37 174
129 106
3 96
135 139
162 58
85 190
125 115
159 26
160 103
122 4
42 10
96 170
83 197
5 27
108 53
20 150
28 138
196 145
194 109
48 199
57 129
71 163
78 94
73 196
52 189
193 33
196 174
97 187
137 44
71 180
34 94
32 179
77 14
123 28
180 23
104 124
20 150
87 189
84 176
124 117
107 157
142 176
103 52
40 90
135 0
180 177
71 6
138 166
180 56
36 167
190 56
180 168
158 94
22 19
88 194
103 147
75 195
20 150
0 197
88 178
130 192
169 23
181 63
29 192
0 119
86 10
66 189
157 28
123 198
17 115
61 97
196 105
53 164
162 72
2 5
197 50
25 85
148 118
20 150
62 6
78 177
139 63
52 116
145 157
155 161
77 20
117 124
182 90
55 114
138 187
192 17
19 92
177 141
59 196
2 125
55 73
136 32
149 194
104 140
20 150
102 94
114 59
136 131
21 183
97 70
57 28
197 187
80 1
94 168
164 57
135 153
26 119
151 190
136 115
7 52
146 40
52 61
144 12
196 188
10 118
20 150
146 45
33 19
20 96
64 65
122 66
19 29
148 9
151 197
64 51
104 88
128 72
85 2
15 132
72 30
148 163
160 82
101 46
142 145
10 73
139 7
20 150
36 85
94 110
60 136
139 46
86 124
148 43
198 166
99 34
16 13
128 171
6 164
10 88
34 107
133 105
112 44
81 72
135 100
188 176
174 195
71 127
20 150
123 60
26 20
6 73
86 125
49 22
138 166
6 55
114 100
5 192
189 47
72 69
121 70
46 7
154 109
189 20
32 25
197 64
137 59
184 155
129 175
20 150
93 33
40 67
120 99
92 155
2 125
147 33
103 26
33 68
130 102
74 139
117 119
135 107
166 114
22 72
199 102
88 151
171 92
191 128
35 91
168 35
20 150
68 38
64 115
136 172
26 50
141 66
137 100
7 58
125 72
144 125
28 147
50 143
35 116
196 21
112 178
14 32
22 81
148 34
158 38
40 84
102 184
20 150
85 182
192 39
111 44
170 117
16 7
102 198
66 67
40 89
68 14
46 153
186 34
68 20
59 86
123 27
163 51
33 25
65 48
93 26
95 176
184 63
20 150
13 64
131 38
128 79
45 171
76 196
30 44
64 14
53 50
29 75
127 176
153 193
193 112
90 18
147 86
101 186
50 83
121 114
145 133
56 49
45 143
20 150
187 85
51 27
30 51
79 104
32 11
4 158
70 186
4 150
36 161
99 103
186 90
156 101
186 108
109 54
197 194
79 107
86 184
187 83
139 116
128 18
20 150
176 172
158 84
34 47
160 114
170 23
65 11
64 156
16 21
27 2
196 126
185 176
112 28
111 71
140 100
70 2
174 20
104 47
46 84
151 91
66 6
20 150
169 121
29 131
104 33
35 46
124 132
108 183
11 109
132 21
73 74
77 72
92 143
142 3
88 197
40 188
194 191
112 106
189 115
148 141
139 93
177 135
20 150
119 15
76 86
59 82
157 9
81 84
27 186
189 126
75 122
110 77
68 115
173 57
172 132
26 162
7 73
8 117
133 185
23 79
114 161
170 82
166 71
20 150
9 4
130 145
67 198
28 5
72 178
187 48
181 45
159 159
184 159
76 166
151 145
24 9
171 174
56 138
161 93
49 174
72 170
121 179
136 91
21 149
20 150
197 8
5 8
168 130
89 164
131 152
97 166
127 82
9 74
164 50
96 17
192 78
0 145
125 16
107 121
22 13
174 129
137 20
102 179
96 57
162 192
20 150
158 27
61 59
85 37
88 70
40 2
80 184
129 32
0 80
154 6
172 107
36 176
148 146
77 174
31 51
195 173
0 193
5 105
142 14
36 42
44 182
20 150
118 76
60 124
157 0
6 60
168 111
39 130
76 156
130 188
191 154
127 114
59 138
43 80
46 16
59 185
120 82
111 103
180 38
38 171
184 89
0 197
20 150
127 104
60 191
131 4
110 191
57 74
12 189
69 116
85 55
193 115
150 144
199 113
103 61
32 131
20 142
91 168
72 172
116 18
174 133
76 47
122 36
20 150
26 133
1 134
142 95
163 86
182 87
0 113
174 134
17 55
149 158
127 38
162 40
59 151
84 78
78 185
22 160
45 0
86 48
95 47
85 180
67 58
20 150
123 20
106 19
75 97
8 123
113 24
65 87
38 76
106 76
13 123
35 184
136 35
35 81
80 175
155 131
141 117
137 23
194 65
162 195
119 69
46 122
20 150
9 32
60 63
139 48
123 167
103 152
140 158
39 40
167 175
106 119
37 122
97 48
65 126
122 44
113 27
102 193
25 111
174 111
111 38
157 113
18 34
20 150
193 12
4 110
85 184
56 171
46 144
144 93
171 143
139 9
188 45
38 53
164 90
154 16
54 91
4 65
100 163
175 174
84 45
29 180
151 122
66 85
20 150
130 197
93 162
171 54
99 32
37 111
2 138
106 154
45 108
173 112
75 1
128 25
70 2
182 164
86 100
137 86
35 104
66 68
122 80
65 189
101 173
20 150
63 54
8 55
163 169
81 5
159 88
114 108
63 39
3 184
36 45
83 90
146 174
194 71
151 13
154 68
193 168
23 55
62 57
178 183
141 177
66 12
20 150
120 100
139 180
116 183
181 94
184 105
79 16
87 131
96 25
45 191
159 50
58 38
95 182
166 72
50 74
86 107
159 68
0 158
94 50
144 116
173 27
20 150
43 81
164 52
29 131
122 12
62 74
113 81
16 72
145 8
34 134
193 147
15 72
31 152
154 15
83 77
104 98
131 57
61 147
30 95
59 91
117 104
20 150
138 122
146 30
191 154
40 43
190 177
50 33
137 5
172 33
110 91
141 8
17 166
65 25
72 30
73 96
0 132
6 191
173 90
196 152
196 164
94 36
20 150
69 186
144 144
129 6
49 68
28 39
5 143
168 45
28 70
118 192
124 101
92 71
161 130
83 18
134 158
194 31
17 28
172 16
174 113
134 53
92 176
0 0
